3.750000000000000000e+03 4.932000000000000028e+01 6.500000000000000222e-01
3.754754754754754686e+03 4.968999999999999773e+01 6.800000000000000488e-01
3.759509509509509371e+03 5.007000000000000028e+01 7.099999999999999645e-01
3.764264264264264057e+03 5.045000000000000284e+01 7.399999999999999911e-01
3.769019019019019197e+03 5.084000000000000341e+01 7.700000000000000178e-01
3.773773773773773883e+03 5.121999999999999886e+01 8.000000000000000444e-01
3.778528528528528568e+03 5.161999999999999744e+01 8.399999999999999689e-01
3.783283283283283254e+03 5.193999999999999773e+01 8.699999999999999956e-01
3.788038038038037939e+03 5.224000000000000199e+01 9.000000000000000222e-01
3.792792792792792625e+03 5.254999999999999716e+01 9.300000000000000488e-01
3.797547547547547765e+03 5.285000000000000142e+01 9.599999999999999645e-01
3.802302302302302451e+03 5.315999999999999659e+01 1.000000000000000000e+00
3.807057057057057136e+03 5.345000000000000284e+01 1.030000000000000027e+00
3.811811811811811822e+03 5.375999999999999801e+01 1.070000000000000062e+00
3.816566566566566507e+03 5.407999999999999829e+01 1.110000000000000098e+00
3.821321321321321193e+03 5.439000000000000057e+01 1.149999999999999911e+00
3.826076076076075879e+03 5.471000000000000085e+01 1.189999999999999947e+00
3.830830830830831019e+03 5.502000000000000313e+01 1.229999999999999982e+00
3.835585585585585704e+03 5.534000000000000341e+01 1.270000000000000018e+00
3.840340340340340390e+03 5.565999999999999659e+01 1.320000000000000062e+00
3.845095095095095076e+03 5.599000000000000199e+01 1.370000000000000107e+00
3.849849849849849761e+03 5.631000000000000227e+01 1.409999999999999920e+00
3.854604604604604447e+03 5.664000000000000057e+01 1.459999999999999964e+00
3.859359359359359587e+03 5.696000000000000085e+01 1.520000000000000018e+00
3.864114114114114273e+03 5.728999999999999915e+01 1.570000000000000062e+00
3.868868868868868958e+03 5.763000000000000256e+01 1.629999999999999893e+00
3.873623623623623644e+03 5.796000000000000085e+01 1.679999999999999938e+00
3.878378378378378329e+03 5.828999999999999915e+01 1.739999999999999991e+00
3.883133133133133015e+03 5.863000000000000256e+01 1.810000000000000053e+00
3.887887887887887700e+03 5.896999999999999886e+01 1.870000000000000107e+00
3.892642642642642841e+03 5.931000000000000227e+01 1.939999999999999947e+00
3.897397397397397526e+03 5.965999999999999659e+01 2.009999999999999787e+00
3.902152152152152212e+03 6.000999999999999801e+01 2.080000000000000071e+00
3.906906906906906897e+03 6.035999999999999943e+01 2.149999999999999911e+00
3.911661661661661583e+03 6.071000000000000085e+01 2.229999999999999982e+00
3.916416416416416268e+03 6.104999999999999716e+01 2.299999999999999822e+00
3.921171171171171409e+03 6.140999999999999659e+01 2.379999999999999893e+00
3.925925925925926094e+03 6.177000000000000313e+01 2.470000000000000195e+00
3.930680680680680780e+03 6.213000000000000256e+01 2.560000000000000053e+00
3.935435435435435465e+03 6.249000000000000199e+01 2.640000000000000124e+00
3.940190190190190151e+03 6.285000000000000142e+01 2.740000000000000213e+00
3.944944944944944837e+03 6.321999999999999886e+01 2.830000000000000071e+00
3.949699699699699522e+03 6.357999999999999829e+01 2.930000000000000160e+00
3.954454454454454662e+03 6.395000000000000284e+01 3.029999999999999805e+00
3.959209209209209348e+03 6.431000000000000227e+01 3.140000000000000124e+00
3.963963963963964034e+03 6.468000000000000682e+01 3.250000000000000000e+00
3.968718718718718719e+03 6.506000000000000227e+01 3.359999999999999876e+00
3.973473473473473405e+03 6.543000000000000682e+01 3.470000000000000195e+00
3.978228228228228090e+03 6.581000000000000227e+01 3.589999999999999858e+00
3.982982982982982776e+03 6.618999999999999773e+01 3.709999999999999964e+00
3.987737737737737916e+03 6.657999999999999829e+01 3.839999999999999858e+00
3.992492492492492602e+03 6.695999999999999375e+01 3.970000000000000195e+00
3.997247247247247287e+03 6.734000000000000341e+01 4.099999999999999645e+00
4.002002002002001973e+03 6.767000000000000171e+01 4.230000000000000426e+00
4.006756756756756658e+03 6.790999999999999659e+01 4.330000000000000071e+00
4.011511511511511344e+03 6.815000000000000568e+01 4.429999999999999716e+00
4.016266266266266030e+03 6.840000000000000568e+01 4.540000000000000036e+00
4.021021021021021170e+03 6.862999999999999545e+01 4.639999999999999680e+00
4.025775775775775855e+03 6.887999999999999545e+01 4.750000000000000000e+00
4.030530530530530541e+03 6.912000000000000455e+01 4.860000000000000320e+00
4.035285285285285227e+03 6.935999999999999943e+01 4.980000000000000426e+00
4.040040040040039912e+03 6.959000000000000341e+01 5.089999999999999858e+00
4.044794794794795052e+03 6.982999999999999829e+01 5.209999999999999964e+00
4.049549549549549738e+03 7.006999999999999318e+01 5.330000000000000071e+00
4.054304304304304424e+03 7.029000000000000625e+01 5.450000000000000178e+00
4.059059059059059109e+03 7.053000000000000114e+01 5.570000000000000284e+00
4.063813813813813795e+03 7.076999999999999602e+01 5.700000000000000178e+00
4.068568568568568480e+03 7.100000000000000000e+01 5.830000000000000071e+00
4.073323323323323166e+03 7.123000000000000398e+01 5.950000000000000178e+00
4.078078078078077851e+03 7.145999999999999375e+01 6.089999999999999858e+00
4.082832832832832992e+03 7.168999999999999773e+01 6.219999999999999751e+00
4.087587587587587677e+03 7.192000000000000171e+01 6.349999999999999645e+00
4.092342342342342363e+03 7.215000000000000568e+01 6.490000000000000213e+00
4.097097097097097503e+03 7.237999999999999545e+01 6.629999999999999893e+00
4.101851851851852189e+03 7.259999999999999432e+01 6.769999999999999574e+00
4.106606606606606874e+03 7.281999999999999318e+01 6.919999999999999929e+00
4.111361361361361560e+03 7.304999999999999716e+01 7.059999999999999609e+00
4.116116116116116245e+03 7.326999999999999602e+01 7.209999999999999964e+00
4.120870870870870931e+03 7.348999999999999488e+01 7.360000000000000320e+00
4.125625625625625617e+03 7.370999999999999375e+01 7.509999999999999787e+00
4.130380380380380302e+03 7.392000000000000171e+01 7.669999999999999929e+00
4.135135135135134988e+03 7.414000000000000057e+01 7.820000000000000284e+00
4.139889889889889673e+03 7.435999999999999943e+01 7.980000000000000426e+00
4.144644644644644359e+03 7.456999999999999318e+01 8.140000000000000568e+00
4.149399399399399044e+03 7.478000000000000114e+01 8.310000000000000497e+00
4.154154154154153730e+03 7.498999999999999488e+01 8.470000000000000639e+00
4.158908908908909325e+03 7.520000000000000284e+01 8.640000000000000568e+00
4.163663663663664011e+03 7.540999999999999659e+01 8.800000000000000711e+00
4.168418418418418696e+03 7.560999999999999943e+01 8.970000000000000639e+00
4.173173173173173382e+03 7.581999999999999318e+01 9.150000000000000355e+00
4.177927927927928067e+03 7.601000000000000512e+01 9.320000000000000284e+00
4.182682682682682753e+03 7.620999999999999375e+01 9.500000000000000000e+00
4.187437437437437438e+03 7.640999999999999659e+01 9.669999999999999929e+00
4.192192192192192124e+03 7.660999999999999943e+01 9.859999999999999432e+00
4.196946946946946809e+03 7.679999999999999716e+01 1.003999999999999915e+01
4.201701701701701495e+03 7.698999999999999488e+01 1.022000000000000064e+01
4.206456456456456181e+03 7.718000000000000682e+01 1.041000000000000014e+01
4.211211211211210866e+03 7.737000000000000455e+01 1.059999999999999964e+01
4.215965965965965552e+03 7.754999999999999716e+01 1.078999999999999915e+01
4.220720720720721147e+03 7.773999999999999488e+01 1.098000000000000043e+01
4.225475475475475832e+03 7.790999999999999659e+01 1.116999999999999993e+01
4.230230230230230518e+03 7.807999999999999829e+01 1.135999999999999943e+01
4.234984984984985203e+03 7.825000000000000000e+01 1.155000000000000071e+01
4.239739739739739889e+03 7.840999999999999659e+01 1.175000000000000000e+01
4.244494494494494575e+03 7.856999999999999318e+01 1.193999999999999950e+01
4.249249249249249260e+03 7.873000000000000398e+01 1.214000000000000057e+01
4.254004004004003946e+03 7.878000000000000114e+01 1.228999999999999915e+01
4.258758758758758631e+03 7.881999999999999318e+01 1.242999999999999972e+01
4.263513513513513317e+03 7.885999999999999943e+01 1.257000000000000028e+01
4.268268268268268002e+03 7.890000000000000568e+01 1.271000000000000085e+01
4.273023023023022688e+03 7.892000000000000171e+01 1.284999999999999964e+01
4.277777777777777374e+03 7.895000000000000284e+01 1.299000000000000021e+01
4.282532532532532059e+03 7.898000000000000398e+01 1.313000000000000078e+01
4.287287287287287654e+03 7.901000000000000512e+01 1.327999999999999936e+01
4.292042042042042340e+03 7.904000000000000625e+01 1.342999999999999972e+01
4.296796796796797025e+03 7.906000000000000227e+01 1.357000000000000028e+01
4.301551551551551711e+03 7.909000000000000341e+01 1.372000000000000064e+01
4.306306306306306396e+03 7.910999999999999943e+01 1.386999999999999922e+01
4.311061061061061082e+03 7.912999999999999545e+01 1.401999999999999957e+01
4.315815815815815768e+03 7.915000000000000568e+01 1.416999999999999993e+01
4.320570570570570453e+03 7.917000000000000171e+01 1.432000000000000028e+01
4.325325325325325139e+03 7.918999999999999773e+01 1.448000000000000043e+01
4.330080080080079824e+03 7.920000000000000284e+01 1.463000000000000078e+01
4.334834834834834510e+03 7.921999999999999886e+01 1.477999999999999936e+01
4.339589589589590105e+03 7.923999999999999488e+01 1.493999999999999950e+01
4.344344344344344790e+03 7.925000000000000000e+01 1.508999999999999986e+01
4.349099099099099476e+03 7.926000000000000512e+01 1.525000000000000000e+01
4.353853853853854162e+03 7.926999999999999602e+01 1.541000000000000014e+01
4.358608608608608847e+03 7.928000000000000114e+01 1.557000000000000028e+01
4.363363363363363533e+03 7.929999999999999716e+01 1.573000000000000043e+01
4.368118118118118218e+03 7.929999999999999716e+01 1.589000000000000057e+01
4.372872872872872904e+03 7.929999999999999716e+01 1.605000000000000071e+01
4.377627627627627589e+03 7.931000000000000227e+01 1.621000000000000085e+01
4.382382382382382275e+03 7.931000000000000227e+01 1.637000000000000099e+01
4.387137137137136961e+03 7.931000000000000227e+01 1.653999999999999915e+01
4.391891891891891646e+03 7.931000000000000227e+01 1.669999999999999929e+01
4.396646646646646332e+03 7.931000000000000227e+01 1.687000000000000099e+01
4.401401401401401017e+03 7.931000000000000227e+01 1.703000000000000114e+01
4.406156156156155703e+03 7.929999999999999716e+01 1.719999999999999929e+01
4.410910910910911298e+03 7.929999999999999716e+01 1.735999999999999943e+01
4.415665665665665983e+03 7.929000000000000625e+01 1.753000000000000114e+01
4.420420420420420669e+03 7.928000000000000114e+01 1.769999999999999929e+01
4.425175175175175355e+03 7.926999999999999602e+01 1.787000000000000099e+01
4.429929929929930040e+03 7.926000000000000512e+01 1.803999999999999915e+01
4.434684684684684726e+03 7.926000000000000512e+01 1.821000000000000085e+01
4.439439439439439411e+03 7.923999999999999488e+01 1.837999999999999901e+01
4.444194194194194097e+03 7.923000000000000398e+01 1.855999999999999872e+01
4.448948948948948782e+03 7.920999999999999375e+01 1.873000000000000043e+01
4.453703703703703468e+03 7.918999999999999773e+01 1.889999999999999858e+01
4.458458458458458153e+03 7.917000000000000171e+01 1.907999999999999829e+01
4.463213213213212839e+03 7.915000000000000568e+01 1.925000000000000000e+01
4.467967967967968434e+03 7.912000000000000455e+01 1.942000000000000171e+01
4.472722722722723120e+03 7.912000000000000455e+01 1.962000000000000099e+01
4.477477477477477805e+03 7.912999999999999545e+01 1.982000000000000028e+01
4.482232232232232491e+03 7.912999999999999545e+01 2.001999999999999957e+01
4.486986986986987176e+03 7.914000000000000057e+01 2.023000000000000043e+01
4.491741741741741862e+03 7.914000000000000057e+01 2.044000000000000128e+01
4.496496496496496547e+03 7.912999999999999545e+01 2.064999999999999858e+01
4.501251251251251233e+03 7.912000000000000455e+01 2.083999999999999986e+01
4.506006006006005919e+03 7.906000000000000227e+01 2.098000000000000043e+01
4.510760760760760604e+03 7.901999999999999602e+01 2.112999999999999901e+01
4.515515515515515290e+03 7.895999999999999375e+01 2.128000000000000114e+01
4.520270270270269975e+03 7.890000000000000568e+01 2.142999999999999972e+01
4.525025025025024661e+03 7.884000000000000341e+01 2.157999999999999829e+01
4.529779779779779346e+03 7.878000000000000114e+01 2.173000000000000043e+01
4.534534534534534941e+03 7.871999999999999886e+01 2.187999999999999901e+01
4.539289289289289627e+03 7.865000000000000568e+01 2.203000000000000114e+01
4.544044044044044313e+03 7.859000000000000341e+01 2.217999999999999972e+01
4.548798798798798998e+03 7.853000000000000114e+01 2.233999999999999986e+01
4.553553553553553684e+03 7.845999999999999375e+01 2.248999999999999844e+01
4.558308308308308369e+03 7.840000000000000568e+01 2.264000000000000057e+01
4.563063063063063055e+03 7.832999999999999829e+01 2.280000000000000071e+01
4.567817817817817740e+03 7.826000000000000512e+01 2.294999999999999929e+01
4.572572572572572426e+03 7.820000000000000284e+01 2.310999999999999943e+01
4.577327327327327112e+03 7.812999999999999545e+01 2.326999999999999957e+01
4.582082082082081797e+03 7.806000000000000227e+01 2.342000000000000171e+01
4.586836836836836483e+03 7.800000000000000000e+01 2.358999999999999986e+01
4.591591591591592078e+03 7.792000000000000171e+01 2.373999999999999844e+01
4.596346346346346763e+03 7.784999999999999432e+01 2.389999999999999858e+01
4.601101101101101449e+03 7.778000000000000114e+01 2.405999999999999872e+01
4.605855855855856134e+03 7.770999999999999375e+01 2.421999999999999886e+01
4.610610610610610820e+03 7.762999999999999545e+01 2.437999999999999901e+01
4.615365365365365506e+03 7.754999999999999716e+01 2.453999999999999915e+01
4.620120120120120191e+03 7.748000000000000398e+01 2.469999999999999929e+01
4.624874874874874877e+03 7.740000000000000568e+01 2.485999999999999943e+01
4.629629629629629562e+03 7.731999999999999318e+01 2.501999999999999957e+01
4.634384384384384248e+03 7.723999999999999488e+01 2.519000000000000128e+01
4.639139139139138933e+03 7.715999999999999659e+01 2.535000000000000142e+01
4.643893893893893619e+03 7.707999999999999829e+01 2.551999999999999957e+01
4.648648648648648305e+03 7.698999999999999488e+01 2.567999999999999972e+01
4.653403403403402990e+03 7.690999999999999659e+01 2.583999999999999986e+01
4.658158158158157676e+03 7.682999999999999829e+01 2.601000000000000156e+01
4.662912912912913271e+03 7.673999999999999488e+01 2.617000000000000171e+01
4.667667667667667956e+03 7.665999999999999659e+01 2.633999999999999986e+01
4.672422422422422642e+03 7.656999999999999318e+01 2.650000000000000000e+01
4.677177177177177327e+03 7.648999999999999488e+01 2.667000000000000171e+01
4.681931931931932013e+03 7.639000000000000057e+01 2.682999999999999829e+01
4.686686686686686699e+03 7.629999999999999716e+01 2.700000000000000000e+01
4.691441441441441384e+03 7.620999999999999375e+01 2.717000000000000171e+01
4.696196196196196070e+03 7.612000000000000455e+01 2.732999999999999829e+01
4.700950950950950755e+03 7.603000000000000114e+01 2.750000000000000000e+01
4.705705705705705441e+03 7.593000000000000682e+01 2.767000000000000171e+01
4.710460460460460126e+03 7.584000000000000341e+01 2.783999999999999986e+01
4.715215215215215721e+03 7.573999999999999488e+01 2.800000000000000000e+01
4.719969969969970407e+03 7.564000000000000057e+01 2.817000000000000171e+01
4.724724724724725093e+03 7.559999999999999432e+01 2.839000000000000057e+01
4.729479479479479778e+03 7.554000000000000625e+01 2.860999999999999943e+01
4.734234234234234464e+03 7.548999999999999488e+01 2.882999999999999829e+01
4.738988988988989149e+03 7.543999999999999773e+01 2.905000000000000071e+01
4.743743743743743835e+03 7.537999999999999545e+01 2.926999999999999957e+01
4.748498498498498520e+03 7.532999999999999829e+01 2.948999999999999844e+01
4.753253253253253206e+03 7.525000000000000000e+01 2.964999999999999858e+01
4.758008008008007891e+03 7.515999999999999659e+01 2.980000000000000071e+01
4.762762762762762577e+03 7.506000000000000227e+01 2.994000000000000128e+01
4.767517517517517263e+03 7.496999999999999886e+01 3.007999999999999829e+01
4.772272272272271948e+03 7.487999999999999545e+01 3.023000000000000043e+01
4.777027027027026634e+03 7.479000000000000625e+01 3.037999999999999901e+01
4.781781781781781319e+03 7.468999999999999773e+01 3.051999999999999957e+01
4.786536536536536005e+03 7.459999999999999432e+01 3.067000000000000171e+01
4.791291291291291600e+03 7.451000000000000512e+01 3.082000000000000028e+01
4.796046046046046285e+03 7.440999999999999659e+01 3.096999999999999886e+01
4.800800800800800971e+03 7.431999999999999318e+01 3.112000000000000099e+01
4.805555555555555657e+03 7.421999999999999886e+01 3.126000000000000156e+01
4.810310310310310342e+03 7.412000000000000455e+01 3.141000000000000014e+01
4.815065065065065028e+03 7.403000000000000114e+01 3.157000000000000028e+01
4.819819819819819713e+03 7.393000000000000682e+01 3.171000000000000085e+01
4.824574574574574399e+03 7.382999999999999829e+01 3.187000000000000099e+01
4.829329329329329084e+03 7.373000000000000398e+01 3.202000000000000313e+01
4.834084084084083770e+03 7.362999999999999545e+01 3.217000000000000171e+01
4.838838838838839365e+03 7.353000000000000114e+01 3.232000000000000028e+01
4.843593593593594051e+03 7.343000000000000682e+01 3.247999999999999687e+01
4.848348348348348736e+03 7.332999999999999829e+01 3.263000000000000256e+01
4.853103103103103422e+03 7.323000000000000398e+01 3.278999999999999915e+01
4.857857857857858107e+03 7.312999999999999545e+01 3.293999999999999773e+01
4.862612612612612793e+03 7.303000000000000114e+01 3.309000000000000341e+01
4.867367367367367478e+03 7.292000000000000171e+01 3.325000000000000000e+01
4.872122122122122164e+03 7.281999999999999318e+01 3.339999999999999858e+01
4.876876876876876850e+03 7.271999999999999886e+01 3.356000000000000227e+01
4.881631631631631535e+03 7.260999999999999943e+01 3.371000000000000085e+01
4.886386386386386221e+03 7.250000000000000000e+01 3.386999999999999744e+01
4.891141141141140906e+03 7.240000000000000568e+01 3.402000000000000313e+01
4.895895895895895592e+03 7.229000000000000625e+01 3.417999999999999972e+01
4.900650650650650277e+03 7.218000000000000682e+01 3.432999999999999829e+01
4.905405405405404963e+03 7.207999999999999829e+01 3.449000000000000199e+01
4.910160160160159649e+03 7.196999999999999886e+01 3.464000000000000057e+01
4.914914914914915244e+03 7.185999999999999943e+01 3.479999999999999716e+01
4.919669669669669929e+03 7.175000000000000000e+01 3.495000000000000284e+01
4.924424424424424615e+03 7.164000000000000057e+01 3.510999999999999943e+01
4.929179179179179300e+03 7.153000000000000114e+01 3.527000000000000313e+01
4.933933933933933986e+03 7.142000000000000171e+01 3.542000000000000171e+01
4.938688688688688671e+03 7.129999999999999716e+01 3.557999999999999829e+01
4.943443443443443357e+03 7.118999999999999773e+01 3.572999999999999687e+01
4.948198198198198043e+03 7.107999999999999829e+01 3.589000000000000057e+01
4.952952952952952728e+03 7.095999999999999375e+01 3.604999999999999716e+01
4.957707707707707414e+03 7.084999999999999432e+01 3.620000000000000284e+01
4.962462462462463009e+03 7.073000000000000398e+01 3.635999999999999943e+01
4.967217217217217694e+03 7.060999999999999943e+01 3.650999999999999801e+01
4.971971971971972380e+03 7.051000000000000512e+01 3.668999999999999773e+01
4.976726726726727065e+03 7.043999999999999773e+01 3.690999999999999659e+01
4.981481481481481751e+03 7.034999999999999432e+01 3.711999999999999744e+01
4.986236236236236437e+03 7.026999999999999602e+01 3.732999999999999829e+01
4.990990990990991122e+03 7.018999999999999773e+01 3.754999999999999716e+01
4.995745745745745808e+03 7.010999999999999943e+01 3.775999999999999801e+01
5.000500500500500493e+03 7.001999999999999602e+01 3.796999999999999886e+01
5.005255255255255179e+03 6.990000000000000568e+01 3.807999999999999829e+01
5.010010010010009864e+03 6.978000000000000114e+01 3.820000000000000284e+01
5.014764764764764550e+03 6.965000000000000568e+01 3.832999999999999829e+01
5.019519519519519235e+03 6.953000000000000114e+01 3.843999999999999773e+01
5.024274274274273921e+03 6.940999999999999659e+01 3.857000000000000028e+01
5.029029029029028607e+03 6.929000000000000625e+01 3.868999999999999773e+01
5.033783783783783292e+03 6.917000000000000171e+01 3.881000000000000227e+01
5.038538538538538887e+03 6.904000000000000625e+01 3.892999999999999972e+01
5.043293293293293573e+03 6.892000000000000171e+01 3.904999999999999716e+01
5.048048048048048258e+03 6.879999999999999716e+01 3.917000000000000171e+01
5.052802802802802944e+03 6.867000000000000171e+01 3.929999999999999716e+01
5.057557557557557629e+03 6.854999999999999716e+01 3.942999999999999972e+01
5.062312312312312315e+03 6.843000000000000682e+01 3.954999999999999716e+01
5.067067067067067001e+03 6.829999999999999716e+01 3.967999999999999972e+01
5.071821821821821686e+03 6.818000000000000682e+01 3.979999999999999716e+01
5.076576576576576372e+03 6.804999999999999716e+01 3.992999999999999972e+01
5.081331331331331057e+03 6.793000000000000682e+01 4.004999999999999716e+01
5.086086086086086652e+03 6.781000000000000227e+01 4.017999999999999972e+01
5.090840840840841338e+03 6.768000000000000682e+01 4.031000000000000227e+01
5.095595595595596023e+03 6.756000000000000227e+01 4.043999999999999773e+01
5.100350350350350709e+03 6.743000000000000682e+01 4.056000000000000227e+01
5.105105105105105395e+03 6.729999999999999716e+01 4.068999999999999773e+01
5.109859859859860080e+03 6.718000000000000682e+01 4.082000000000000028e+01
5.114614614614614766e+03 6.704999999999999716e+01 4.093999999999999773e+01
5.119369369369369451e+03 6.692000000000000171e+01 4.107000000000000028e+01
5.124124124124124137e+03 6.679999999999999716e+01 4.120000000000000284e+01
5.128878878878878822e+03 6.667000000000000171e+01 4.132999999999999829e+01
5.133633633633633508e+03 6.654000000000000625e+01 4.146000000000000085e+01
5.138388388388388194e+03 6.640999999999999659e+01 4.159000000000000341e+01
5.143143143143142879e+03 6.628000000000000114e+01 4.171000000000000085e+01
5.147897897897897565e+03 6.615000000000000568e+01 4.184000000000000341e+01
5.152652652652652250e+03 6.601999999999999602e+01 4.196999999999999886e+01
5.157407407407406936e+03 6.589000000000000057e+01 4.210000000000000142e+01
5.162162162162161621e+03 6.576000000000000512e+01 4.222999999999999687e+01
5.166916916916917216e+03 6.562999999999999545e+01 4.235000000000000142e+01
5.171671671671671902e+03 6.550000000000000000e+01 4.247999999999999687e+01
5.176426426426426588e+03 6.537000000000000455e+01 4.260999999999999943e+01
5.181181181181181273e+03 6.523999999999999488e+01 4.274000000000000199e+01
5.185935935935935959e+03 6.510999999999999943e+01 4.286999999999999744e+01
5.190690690690690644e+03 6.496999999999999886e+01 4.300000000000000000e+01
5.195445445445445330e+03 6.484000000000000341e+01 4.311999999999999744e+01
5.200200200200200015e+03 6.470999999999999375e+01 4.325000000000000000e+01
5.204954954954954701e+03 6.457999999999999829e+01 4.338000000000000256e+01
5.209709709709710296e+03 6.443999999999999773e+01 4.350000000000000000e+01
5.214464464464464982e+03 6.431000000000000227e+01 4.363000000000000256e+01
5.219219219219219667e+03 6.417000000000000171e+01 4.375999999999999801e+01
5.223973973973974353e+03 6.406999999999999318e+01 4.393999999999999773e+01
5.228728728728729038e+03 6.396999999999999886e+01 4.413000000000000256e+01
5.233483483483483724e+03 6.386999999999999744e+01 4.432999999999999829e+01
5.238238238238238409e+03 6.375999999999999801e+01 4.452000000000000313e+01
5.242992992992993095e+03 6.365999999999999659e+01 4.471000000000000085e+01
5.247747747747747781e+03 6.356000000000000227e+01 4.489999999999999858e+01
5.252502502502502466e+03 6.342999999999999972e+01 4.503000000000000114e+01
5.257257257257257152e+03 6.328000000000000114e+01 4.510999999999999943e+01
5.262012012012011837e+03 6.313000000000000256e+01 4.518999999999999773e+01
5.266766766766766523e+03 6.297999999999999687e+01 4.528000000000000114e+01
5.271521521521521208e+03 6.282999999999999829e+01 4.535999999999999943e+01
5.276276276276275894e+03 6.267999999999999972e+01 4.543999999999999773e+01
5.281031031031030579e+03 6.253000000000000114e+01 4.552000000000000313e+01
5.285785785785785265e+03 6.238000000000000256e+01 4.560999999999999943e+01
5.290540540540540860e+03 6.221999999999999886e+01 4.568999999999999773e+01
5.295295295295295546e+03 6.207000000000000028e+01 4.578000000000000114e+01
5.300050050050050231e+03 6.192999999999999972e+01 4.585999999999999943e+01
5.304804804804804917e+03 6.178000000000000114e+01 4.595000000000000284e+01
5.309559559559559602e+03 6.163000000000000256e+01 4.603000000000000114e+01
5.314314314314314288e+03 6.147999999999999687e+01 4.611999999999999744e+01
5.319069069069068973e+03 6.132999999999999829e+01 4.621000000000000085e+01
5.323823823823823659e+03 6.117999999999999972e+01 4.629999999999999716e+01
5.328578578578578345e+03 6.103000000000000114e+01 4.638000000000000256e+01
5.333333333333333030e+03 6.088000000000000256e+01 4.646999999999999886e+01
5.338088088088088625e+03 6.072999999999999687e+01 4.656000000000000227e+01
5.342842842842843311e+03 6.057000000000000028e+01 4.664999999999999858e+01
5.347597597597597996e+03 6.042999999999999972e+01 4.674000000000000199e+01
5.352352352352352682e+03 6.028000000000000114e+01 4.682999999999999829e+01
5.357107107107107367e+03 6.013000000000000256e+01 4.692000000000000171e+01
5.361861861861862053e+03 5.997999999999999687e+01 4.700999999999999801e+01
5.366616616616616739e+03 5.982999999999999829e+01 4.710000000000000142e+01
5.371371371371371424e+03 5.967999999999999972e+01 4.720000000000000284e+01
5.376126126126126110e+03 5.953000000000000114e+01 4.728000000000000114e+01
5.380880880880880795e+03 5.938000000000000256e+01 4.738000000000000256e+01
5.385635635635635481e+03 5.922999999999999687e+01 4.746999999999999886e+01
5.390390390390390166e+03 5.907999999999999829e+01 4.756000000000000227e+01
5.395145145145144852e+03 5.892999999999999972e+01 4.764999999999999858e+01
5.399899899899899538e+03 5.878000000000000114e+01 4.775000000000000000e+01
5.404654654654654223e+03 5.863000000000000256e+01 4.784000000000000341e+01
5.409409409409408909e+03 5.847999999999999687e+01 4.792999999999999972e+01
5.414164164164164504e+03 5.832999999999999829e+01 4.803000000000000114e+01
5.418918918918919189e+03 5.817999999999999972e+01 4.811999999999999744e+01
5.423673673673673875e+03 5.803000000000000114e+01 4.821000000000000085e+01
5.428428428428428560e+03 5.788000000000000256e+01 4.829999999999999716e+01
5.433183183183183246e+03 5.772999999999999687e+01 4.839999999999999858e+01
5.437937937937937932e+03 5.757000000000000028e+01 4.849000000000000199e+01
5.442692692692692617e+03 5.742000000000000171e+01 4.857999999999999829e+01
5.447447447447447303e+03 5.727000000000000313e+01 4.867999999999999972e+01
5.452202202202201988e+03 5.711999999999999744e+01 4.877000000000000313e+01
5.456956956956956674e+03 5.696999999999999886e+01 4.885999999999999943e+01
5.461711711711712269e+03 5.682000000000000028e+01 4.895000000000000284e+01
5.466466466466466954e+03 5.667000000000000171e+01 4.904999999999999716e+01
5.471221221221221640e+03 5.653000000000000114e+01 4.915999999999999659e+01
5.475975975975976326e+03 5.640999999999999659e+01 4.932000000000000028e+01
5.480730730730731011e+03 5.628999999999999915e+01 4.946999999999999886e+01
5.485485485485485697e+03 5.617000000000000171e+01 4.963000000000000256e+01
5.490240240240240382e+03 5.604999999999999716e+01 4.978999999999999915e+01
5.494994994994995068e+03 5.592999999999999972e+01 4.995000000000000284e+01
5.499749749749749753e+03 5.581000000000000227e+01 5.010999999999999943e+01
5.504504504504504439e+03 5.564000000000000057e+01 5.014999999999999858e+01
5.509259259259259125e+03 5.546999999999999886e+01 5.018999999999999773e+01
5.514014014014013810e+03 5.529999999999999716e+01 5.022999999999999687e+01
5.518768768768768496e+03 5.513000000000000256e+01 5.027000000000000313e+01
5.523523523523523181e+03 5.496000000000000085e+01 5.032000000000000028e+01
5.528278278278277867e+03 5.478999999999999915e+01 5.035999999999999943e+01
5.533033033033032552e+03 5.461999999999999744e+01 5.040999999999999659e+01
5.537787787787788147e+03 5.445000000000000284e+01 5.045000000000000284e+01
5.542542542542542833e+03 5.428000000000000114e+01 5.050000000000000000e+01
5.547297297297297519e+03 5.411999999999999744e+01 5.054999999999999716e+01
5.552052052052052204e+03 5.395000000000000284e+01 5.060000000000000142e+01
5.556806806806806890e+03 5.378000000000000114e+01 5.064000000000000057e+01
5.561561561561561575e+03 5.361999999999999744e+01 5.068999999999999773e+01
5.566316316316316261e+03 5.345000000000000284e+01 5.075000000000000000e+01
5.571071071071070946e+03 5.328000000000000114e+01 5.079999999999999716e+01
5.575825825825825632e+03 5.311999999999999744e+01 5.085000000000000142e+01
5.580580580580580317e+03 5.295000000000000284e+01 5.089999999999999858e+01
5.585335335335335913e+03 5.278000000000000114e+01 5.095000000000000284e+01
5.590090090090090598e+03 5.261999999999999744e+01 5.100999999999999801e+01
5.594844844844845284e+03 5.246000000000000085e+01 5.106000000000000227e+01
5.599599599599599969e+03 5.228999999999999915e+01 5.111999999999999744e+01
5.604354354354354655e+03 5.213000000000000256e+01 5.117000000000000171e+01
5.609109109109109340e+03 5.196999999999999886e+01 5.122999999999999687e+01
5.613863863863864026e+03 5.179999999999999716e+01 5.128999999999999915e+01
5.618618618618618711e+03 5.164000000000000057e+01 5.134000000000000341e+01
5.623373373373373397e+03 5.147999999999999687e+01 5.139999999999999858e+01
5.628128128128128083e+03 5.131000000000000227e+01 5.146000000000000085e+01
5.632882882882882768e+03 5.114999999999999858e+01 5.152000000000000313e+01
5.637637637637637454e+03 5.099000000000000199e+01 5.157000000000000028e+01
5.642392392392392139e+03 5.082999999999999829e+01 5.164000000000000057e+01
5.647147147147146825e+03 5.067000000000000171e+01 5.170000000000000284e+01
5.651901901901901510e+03 5.050999999999999801e+01 5.175999999999999801e+01
5.656656656656656196e+03 5.035000000000000142e+01 5.182000000000000028e+01
5.661411411411410882e+03 5.018999999999999773e+01 5.188000000000000256e+01
5.666166166166166477e+03 5.003000000000000114e+01 5.193999999999999773e+01
5.670920920920921162e+03 4.986999999999999744e+01 5.200000000000000000e+01
5.675675675675675848e+03 4.971000000000000085e+01 5.207000000000000028e+01
5.680430430430430533e+03 4.954999999999999716e+01 5.213000000000000256e+01
5.685185185185185219e+03 4.939000000000000057e+01 5.218999999999999773e+01
5.689939939939939904e+03 4.922999999999999687e+01 5.225999999999999801e+01
5.694694694694694590e+03 4.907999999999999829e+01 5.232000000000000028e+01
5.699449449449449276e+03 4.892000000000000171e+01 5.238000000000000256e+01
5.704204204204203961e+03 4.875999999999999801e+01 5.245000000000000284e+01
5.708958958958959556e+03 4.860999999999999943e+01 5.252000000000000313e+01
5.713713713713714242e+03 4.845000000000000284e+01 5.257999999999999829e+01
5.718468468468468927e+03 4.828999999999999915e+01 5.264999999999999858e+01
5.723223223223223613e+03 4.814999999999999858e+01 5.275000000000000000e+01
5.727977977977978298e+03 4.802000000000000313e+01 5.288000000000000256e+01
5.732732732732732984e+03 4.789000000000000057e+01 5.300999999999999801e+01
5.737487487487487670e+03 4.775999999999999801e+01 5.313000000000000256e+01
5.742242242242242355e+03 4.763000000000000256e+01 5.325999999999999801e+01
5.746996996996997041e+03 4.749000000000000199e+01 5.339000000000000057e+01
5.751751751751751726e+03 4.735000000000000142e+01 5.346999999999999886e+01
5.756506506506506412e+03 4.717000000000000171e+01 5.347999999999999687e+01
5.761261261261261097e+03 4.699000000000000199e+01 5.349000000000000199e+01
5.766016016016015783e+03 4.681000000000000227e+01 5.350000000000000000e+01
5.770770770770770469e+03 4.663000000000000256e+01 5.352000000000000313e+01
5.775525525525525154e+03 4.646000000000000085e+01 5.353000000000000114e+01
5.780280280280279840e+03 4.628000000000000114e+01 5.353999999999999915e+01
5.785035035035034525e+03 4.610999999999999943e+01 5.356000000000000227e+01
5.789789789789790120e+03 4.593999999999999773e+01 5.357999999999999829e+01
5.794544544544544806e+03 4.575999999999999801e+01 5.359000000000000341e+01
5.799299299299299491e+03 4.559000000000000341e+01 5.360999999999999943e+01
5.804054054054054177e+03 4.542000000000000171e+01 5.363000000000000256e+01
5.808808808808808863e+03 4.525000000000000000e+01 5.364999999999999858e+01
5.813563563563563548e+03 4.507000000000000028e+01 5.367000000000000171e+01
5.818318318318318234e+03 4.489999999999999858e+01 5.368999999999999773e+01
5.823073073073072919e+03 4.472999999999999687e+01 5.371999999999999886e+01
5.827827827827828514e+03 4.456000000000000227e+01 5.374000000000000199e+01
5.832582582582583200e+03 4.439000000000000057e+01 5.375999999999999801e+01
5.837337337337337885e+03 4.421999999999999886e+01 5.378999999999999915e+01
5.842092092092092571e+03 4.406000000000000227e+01 5.381000000000000227e+01
5.846846846846847257e+03 4.389000000000000057e+01 5.384000000000000341e+01
5.851601601601601942e+03 4.371999999999999886e+01 5.386999999999999744e+01
5.856356356356356628e+03 4.356000000000000227e+01 5.389000000000000057e+01
5.861111111111111313e+03 4.339000000000000057e+01 5.392999999999999972e+01
5.865865865865865999e+03 4.322999999999999687e+01 5.395000000000000284e+01
5.870620620620620684e+03 4.306000000000000227e+01 5.399000000000000199e+01
5.875375375375375370e+03 4.289999999999999858e+01 5.402000000000000313e+01
5.880130130130130055e+03 4.272999999999999687e+01 5.404999999999999716e+01
5.884884884884884741e+03 4.257000000000000028e+01 5.407999999999999829e+01
5.889639639639639427e+03 4.240999999999999659e+01 5.411999999999999744e+01
5.894394394394394112e+03 4.225000000000000000e+01 5.415999999999999659e+01
5.899149149149148798e+03 4.207999999999999829e+01 5.418999999999999773e+01
5.903903903903903483e+03 4.192000000000000171e+01 5.421999999999999886e+01
5.908658658658658169e+03 4.175999999999999801e+01 5.425999999999999801e+01
5.913413413413412854e+03 4.160000000000000142e+01 5.429999999999999716e+01
5.918168168168167540e+03 4.145000000000000284e+01 5.432999999999999829e+01
5.922922922922923135e+03 4.128999999999999915e+01 5.436999999999999744e+01
5.927677677677677821e+03 4.113000000000000256e+01 5.440999999999999659e+01
5.932432432432432506e+03 4.096999999999999886e+01 5.445000000000000284e+01
5.937187187187187192e+03 4.081000000000000227e+01 5.450000000000000000e+01
5.941941941941941877e+03 4.065999999999999659e+01 5.453999999999999915e+01
5.946696696696696563e+03 4.050000000000000000e+01 5.457999999999999829e+01
5.951451451451452158e+03 4.034000000000000341e+01 5.461999999999999744e+01
5.956206206206206843e+03 4.018999999999999773e+01 5.465999999999999659e+01
5.960960960960961529e+03 4.003999999999999915e+01 5.470000000000000284e+01
5.965715715715716215e+03 3.988000000000000256e+01 5.475000000000000000e+01
5.970470470470470900e+03 3.972999999999999687e+01 5.479999999999999716e+01
5.975225225225225586e+03 3.959000000000000341e+01 5.489999999999999858e+01
5.979979979979980271e+03 3.945000000000000284e+01 5.500000000000000000e+01
5.984734734734734957e+03 3.931000000000000227e+01 5.510000000000000142e+01
5.989489489489489642e+03 3.917000000000000171e+01 5.520000000000000284e+01
5.994244244244244328e+03 3.903000000000000114e+01 5.529999999999999716e+01
5.998998998998999014e+03 3.889000000000000057e+01 5.539999999999999858e+01
6.003753753753753699e+03 3.872999999999999687e+01 5.540999999999999659e+01
6.008508508508508385e+03 3.857000000000000028e+01 5.539999999999999858e+01
6.013263263263263070e+03 3.839999999999999858e+01 5.539000000000000057e+01
6.018018018018017756e+03 3.824000000000000199e+01 5.538000000000000256e+01
6.022772772772772441e+03 3.807999999999999829e+01 5.538000000000000256e+01
6.027527527527527127e+03 3.792000000000000171e+01 5.536999999999999744e+01
6.032282282282281813e+03 3.775999999999999801e+01 5.536999999999999744e+01
6.037037037037036498e+03 3.760000000000000142e+01 5.535999999999999943e+01
6.041791791791791184e+03 3.742999999999999972e+01 5.535999999999999943e+01
6.046546546546546779e+03 3.727000000000000313e+01 5.535999999999999943e+01
6.051301301301301464e+03 3.711999999999999744e+01 5.535999999999999943e+01
6.056056056056056150e+03 3.696000000000000085e+01 5.535999999999999943e+01
6.060810810810810835e+03 3.679999999999999716e+01 5.535999999999999943e+01
6.065565565565565521e+03 3.664999999999999858e+01 5.535999999999999943e+01
6.070320320320320207e+03 3.649000000000000199e+01 5.536999999999999744e+01
6.075075075075074892e+03 3.634000000000000341e+01 5.536999999999999744e+01
6.079829829829830487e+03 3.617999999999999972e+01 5.538000000000000256e+01
6.084584584584585173e+03 3.602000000000000313e+01 5.538000000000000256e+01
6.089339339339339858e+03 3.586999999999999744e+01 5.539000000000000057e+01
6.094094094094094544e+03 3.571999999999999886e+01 5.539999999999999858e+01
6.098848848848849229e+03 3.557000000000000028e+01 5.539999999999999858e+01
6.103603603603603915e+03 3.540999999999999659e+01 5.540999999999999659e+01
6.108358358358358601e+03 3.525999999999999801e+01 5.542000000000000171e+01
6.113113113113113286e+03 3.510999999999999943e+01 5.542999999999999972e+01
6.117867867867867972e+03 3.496000000000000085e+01 5.545000000000000284e+01
6.122622622622622657e+03 3.481000000000000227e+01 5.546000000000000085e+01
6.127377377377377343e+03 3.465999999999999659e+01 5.546999999999999886e+01
6.132132132132132028e+03 3.452000000000000313e+01 5.547999999999999687e+01
6.136886886886886714e+03 3.436999999999999744e+01 5.550000000000000000e+01
6.141641641641641399e+03 3.421999999999999886e+01 5.552000000000000313e+01
6.146396396396396085e+03 3.407000000000000028e+01 5.553999999999999915e+01
6.151151151151150771e+03 3.392999999999999972e+01 5.556000000000000227e+01
6.155905905905905456e+03 3.378000000000000114e+01 5.557000000000000028e+01
6.160660660660660142e+03 3.364000000000000057e+01 5.559000000000000341e+01
6.165415415415414827e+03 3.349000000000000199e+01 5.560999999999999943e+01
6.170170170170170422e+03 3.335000000000000142e+01 5.563000000000000256e+01
6.174924924924925108e+03 3.320000000000000284e+01 5.564999999999999858e+01
6.179679679679679793e+03 3.306000000000000227e+01 5.567999999999999972e+01
6.184434434434434479e+03 3.292000000000000171e+01 5.568999999999999773e+01
6.189189189189189165e+03 3.278000000000000114e+01 5.571000000000000085e+01
6.193943943943943850e+03 3.264000000000000057e+01 5.574000000000000199e+01
6.198698698698698536e+03 3.249000000000000199e+01 5.575999999999999801e+01
6.203453453453454131e+03 3.235999999999999943e+01 5.578999999999999915e+01
6.208208208208208816e+03 3.221999999999999886e+01 5.581000000000000227e+01
6.212962962962963502e+03 3.207999999999999829e+01 5.584000000000000341e+01
6.217717717717718187e+03 3.194000000000000128e+01 5.586999999999999744e+01
6.222472472472472873e+03 3.180000000000000071e+01 5.592000000000000171e+01
6.227227227227227559e+03 3.166000000000000014e+01 5.599000000000000199e+01
6.231981981981982244e+03 3.151999999999999957e+01 5.606000000000000227e+01
6.236736736736736930e+03 3.137000000000000099e+01 5.613000000000000256e+01
6.241491491491491615e+03 3.123000000000000043e+01 5.621000000000000085e+01
6.246246246246246301e+03 3.108999999999999986e+01 5.628000000000000114e+01
6.251001001001000986e+03 3.094999999999999929e+01 5.632999999999999829e+01
6.255755755755755672e+03 3.080999999999999872e+01 5.631000000000000227e+01
6.260510510510510358e+03 3.067000000000000171e+01 5.628999999999999915e+01
6.265265265265265043e+03 3.053999999999999915e+01 5.627000000000000313e+01
6.270020020020019729e+03 3.039999999999999858e+01 5.625000000000000000e+01
6.274774774774774414e+03 3.026000000000000156e+01 5.622999999999999687e+01
6.279529529529529100e+03 3.012000000000000099e+01 5.621999999999999886e+01
6.284284284284283785e+03 2.998999999999999844e+01 5.620000000000000284e+01
6.289039039039038471e+03 2.985999999999999943e+01 5.617999999999999972e+01
6.293793793793794066e+03 2.973000000000000043e+01 5.615999999999999659e+01
6.298548548548548752e+03 2.958999999999999986e+01 5.614999999999999858e+01
6.303303303303303437e+03 2.946000000000000085e+01 5.613000000000000256e+01
6.308058058058058123e+03 2.932000000000000028e+01 5.611999999999999744e+01
6.312812812812812808e+03 2.919000000000000128e+01 5.610999999999999943e+01
6.317567567567567494e+03 2.905999999999999872e+01 5.610000000000000142e+01
6.322322322322322179e+03 2.892999999999999972e+01 5.607999999999999829e+01
6.327077077077077774e+03 2.878999999999999915e+01 5.607000000000000028e+01
6.331831831831832460e+03 2.866000000000000014e+01 5.606000000000000227e+01
6.336586586586587146e+03 2.853000000000000114e+01 5.606000000000000227e+01
6.341341341341341831e+03 2.839999999999999858e+01 5.604999999999999716e+01
6.346096096096096517e+03 2.826999999999999957e+01 5.603999999999999915e+01
6.350850850850851202e+03 2.814000000000000057e+01 5.603000000000000114e+01
6.355605605605605888e+03 2.801000000000000156e+01 5.603000000000000114e+01
6.360360360360360573e+03 2.787999999999999901e+01 5.602000000000000313e+01
6.365115115115115259e+03 2.776000000000000156e+01 5.602000000000000313e+01
6.369869869869869945e+03 2.762999999999999901e+01 5.600999999999999801e+01
6.374624624624624630e+03 2.750000000000000000e+01 5.600999999999999801e+01
6.379379379379379316e+03 2.737000000000000099e+01 5.600999999999999801e+01
6.384134134134134001e+03 2.725000000000000000e+01 5.600999999999999801e+01
6.388888888888888687e+03 2.712999999999999901e+01 5.600999999999999801e+01
6.393643643643643372e+03 2.700000000000000000e+01 5.600000000000000000e+01
6.398398398398398058e+03 2.687999999999999901e+01 5.600000000000000000e+01
6.403153153153152743e+03 2.675000000000000000e+01 5.600999999999999801e+01
6.407907907907907429e+03 2.662999999999999901e+01 5.600999999999999801e+01
6.412662662662662115e+03 2.651000000000000156e+01 5.600999999999999801e+01
6.417417417417416800e+03 2.637999999999999901e+01 5.600999999999999801e+01
6.422172172172172395e+03 2.625000000000000000e+01 5.600999999999999801e+01
6.426926926926927081e+03 2.612999999999999901e+01 5.602000000000000313e+01
6.431681681681681766e+03 2.601000000000000156e+01 5.602000000000000313e+01
6.436436436436436452e+03 2.589000000000000057e+01 5.603000000000000114e+01
6.441191191191191137e+03 2.576999999999999957e+01 5.603000000000000114e+01
6.445945945945945823e+03 2.564000000000000057e+01 5.603999999999999915e+01
6.450700700700701418e+03 2.553000000000000114e+01 5.604999999999999716e+01
6.455455455455456104e+03 2.541000000000000014e+01 5.606000000000000227e+01
6.460210210210210789e+03 2.528999999999999915e+01 5.607000000000000028e+01
6.464964964964965475e+03 2.517999999999999972e+01 5.607000000000000028e+01
6.469719719719720160e+03 2.505999999999999872e+01 5.607999999999999829e+01
6.474474474474474846e+03 2.492000000000000171e+01 5.613000000000000256e+01
6.479229229229229531e+03 2.478999999999999915e+01 5.618999999999999773e+01
6.483983983983984217e+03 2.464999999999999858e+01 5.622999999999999687e+01
6.488738738738738903e+03 2.451999999999999957e+01 5.628000000000000114e+01
6.493493493493493588e+03 2.437999999999999901e+01 5.632000000000000028e+01
6.498248248248248274e+03 2.425000000000000000e+01 5.636999999999999744e+01
6.503003003003002959e+03 2.412999999999999901e+01 5.635999999999999943e+01
6.507757757757757645e+03 2.401999999999999957e+01 5.632999999999999829e+01
6.512512512512512330e+03 2.392000000000000171e+01 5.631000000000000227e+01
6.517267267267267016e+03 2.380999999999999872e+01 5.628000000000000114e+01
6.522022022022021702e+03 2.371000000000000085e+01 5.625000000000000000e+01
6.526776776776776387e+03 2.360000000000000142e+01 5.621999999999999886e+01
6.531531531531531073e+03 2.348999999999999844e+01 5.620000000000000284e+01
6.536286286286285758e+03 2.339000000000000057e+01 5.617000000000000171e+01
6.541041041041040444e+03 2.328999999999999915e+01 5.614999999999999858e+01
6.545795795795796039e+03 2.317999999999999972e+01 5.613000000000000256e+01
6.550550550550550724e+03 2.307999999999999829e+01 5.610000000000000142e+01
6.555305305305305410e+03 2.296999999999999886e+01 5.607999999999999829e+01
6.560060060060060096e+03 2.287000000000000099e+01 5.606000000000000227e+01
6.564814814814814781e+03 2.276999999999999957e+01 5.603999999999999915e+01
6.569569569569569467e+03 2.266000000000000014e+01 5.600999999999999801e+01
6.574324324324324152e+03 2.255999999999999872e+01 5.599000000000000199e+01
6.579079079079079747e+03 2.246999999999999886e+01 5.596999999999999886e+01
6.583833833833834433e+03 2.237000000000000099e+01 5.596000000000000085e+01
6.588588588588589118e+03 2.226000000000000156e+01 5.593999999999999773e+01
6.593343343343343804e+03 2.216000000000000014e+01 5.592000000000000171e+01
6.598098098098098490e+03 2.205999999999999872e+01 5.589999999999999858e+01
6.602852852852853175e+03 2.196000000000000085e+01 5.589000000000000057e+01
6.607607607607607861e+03 2.185999999999999943e+01 5.586999999999999744e+01
6.612362362362362546e+03 2.175000000000000000e+01 5.585999999999999943e+01
6.617117117117117232e+03 2.164999999999999858e+01 5.584000000000000341e+01
6.621871871871871917e+03 2.155000000000000071e+01 5.582999999999999829e+01
6.626626626626626603e+03 2.144999999999999929e+01 5.582000000000000028e+01
6.631381381381381289e+03 2.135000000000000142e+01 5.582000000000000028e+01
6.636136136136135974e+03 2.125000000000000000e+01 5.581000000000000227e+01
6.640890890890890660e+03 2.114999999999999858e+01 5.579999999999999716e+01
6.645645645645645345e+03 2.105000000000000071e+01 5.578999999999999915e+01
6.650400400400400031e+03 2.094999999999999929e+01 5.578000000000000114e+01
6.655155155155154716e+03 2.085000000000000142e+01 5.577000000000000313e+01
6.659909909909909402e+03 2.075000000000000000e+01 5.575999999999999801e+01
6.664664664664664087e+03 2.064999999999999858e+01 5.575000000000000000e+01
6.669419419419419683e+03 2.055999999999999872e+01 5.574000000000000199e+01
6.674174174174174368e+03 2.046000000000000085e+01 5.572999999999999687e+01
6.678928928928929054e+03 2.035999999999999943e+01 5.572999999999999687e+01
6.683683683683683739e+03 2.026000000000000156e+01 5.571999999999999886e+01
6.688438438438438425e+03 2.016000000000000014e+01 5.571000000000000085e+01
6.693193193193193110e+03 2.007000000000000028e+01 5.571000000000000085e+01
6.697947947947947796e+03 1.996999999999999886e+01 5.570000000000000284e+01
6.702702702702703391e+03 1.987000000000000099e+01 5.570000000000000284e+01
6.707457457457458077e+03 1.978000000000000114e+01 5.568999999999999773e+01
6.712212212212212762e+03 1.967999999999999972e+01 5.568999999999999773e+01
6.716966966966967448e+03 1.958999999999999986e+01 5.567999999999999972e+01
6.721721721721722133e+03 1.948000000000000043e+01 5.568999999999999773e+01
6.726476476476476819e+03 1.937000000000000099e+01 5.571999999999999886e+01
6.731231231231231504e+03 1.925000000000000000e+01 5.574000000000000199e+01
6.735985985985986190e+03 1.914000000000000057e+01 5.577000000000000313e+01
6.740740740740740875e+03 1.903000000000000114e+01 5.579999999999999716e+01
6.745495495495495561e+03 1.892000000000000171e+01 5.582000000000000028e+01
6.750250250250250247e+03 1.880000000000000071e+01 5.585000000000000142e+01
6.755005005005004932e+03 1.871999999999999886e+01 5.581000000000000227e+01
6.759759759759759618e+03 1.864000000000000057e+01 5.578000000000000114e+01
6.764514514514514303e+03 1.855999999999999872e+01 5.575000000000000000e+01
6.769269269269268989e+03 1.848000000000000043e+01 5.571999999999999886e+01
6.774024024024023674e+03 1.839000000000000057e+01 5.570000000000000284e+01
6.778778778778778360e+03 1.830999999999999872e+01 5.567000000000000171e+01
6.783533533533533046e+03 1.823000000000000043e+01 5.564000000000000057e+01
6.788288288288287731e+03 1.814999999999999858e+01 5.560999999999999943e+01
6.793043043043043326e+03 1.807000000000000028e+01 5.557999999999999829e+01
6.797797797797798012e+03 1.801000000000000156e+01 5.554999999999999716e+01
6.802552552552552697e+03 1.792000000000000171e+01 5.553000000000000114e+01
6.807307307307307383e+03 1.783999999999999986e+01 5.550000000000000000e+01
6.812062062062062068e+03 1.776000000000000156e+01 5.546999999999999886e+01
6.816816816816816754e+03 1.767999999999999972e+01 5.545000000000000284e+01
6.821571571571571440e+03 1.760000000000000142e+01 5.542000000000000171e+01
6.826326326326327035e+03 1.751999999999999957e+01 5.539000000000000057e+01
6.831081081081081720e+03 1.744000000000000128e+01 5.536999999999999744e+01
6.835835835835836406e+03 1.735999999999999943e+01 5.535000000000000142e+01
6.840590590590591091e+03 1.726999999999999957e+01 5.532000000000000028e+01
6.845345345345345777e+03 1.719000000000000128e+01 5.529999999999999716e+01
6.850100100100100462e+03 1.710999999999999943e+01 5.528000000000000114e+01
6.854854854854855148e+03 1.703000000000000114e+01 5.525000000000000000e+01
6.859609609609609834e+03 1.694999999999999929e+01 5.522999999999999687e+01
6.864364364364364519e+03 1.687000000000000099e+01 5.521000000000000085e+01
6.869119119119119205e+03 1.678999999999999915e+01 5.518999999999999773e+01
6.873873873873873890e+03 1.671000000000000085e+01 5.517000000000000171e+01
6.878628628628628576e+03 1.662999999999999901e+01 5.514999999999999858e+01
6.883383383383383261e+03 1.655000000000000071e+01 5.513000000000000256e+01
6.888138138138137947e+03 1.646999999999999886e+01 5.510999999999999943e+01
6.892892892892892633e+03 1.639000000000000057e+01 5.509000000000000341e+01
6.897647647647647318e+03 1.630999999999999872e+01 5.507000000000000028e+01
6.902402402402402004e+03 1.623000000000000043e+01 5.504999999999999716e+01
6.907157157157156689e+03 1.614999999999999858e+01 5.503000000000000114e+01
6.911911911911911375e+03 1.607999999999999829e+01 5.500999999999999801e+01
6.916666666666666060e+03 1.600000000000000000e+01 5.499000000000000199e+01
6.921421421421421655e+03 1.591999999999999993e+01 5.497999999999999687e+01
6.926176176176176341e+03 1.583999999999999986e+01 5.496000000000000085e+01
6.930930930930931027e+03 1.575999999999999979e+01 5.493999999999999773e+01
6.935685685685685712e+03 1.567999999999999972e+01 5.492999999999999972e+01
6.940440440440440398e+03 1.559999999999999964e+01 5.490999999999999659e+01
6.945195195195195083e+03 1.552999999999999936e+01 5.489999999999999858e+01
6.949949949949950678e+03 1.544999999999999929e+01 5.488000000000000256e+01
6.954704704704705364e+03 1.536999999999999922e+01 5.486999999999999744e+01
6.959459459459460049e+03 1.528999999999999915e+01 5.485000000000000142e+01
6.964214214214214735e+03 1.522000000000000064e+01 5.484000000000000341e+01
6.968968968968969421e+03 1.514000000000000057e+01 5.482000000000000028e+01
6.973723723723724106e+03 1.505000000000000071e+01 5.482999999999999829e+01
6.978478478478478792e+03 1.494999999999999929e+01 5.489000000000000057e+01
6.983233233233233477e+03 1.484999999999999964e+01 5.489999999999999858e+01
6.987987987987988163e+03 1.475999999999999979e+01 5.490999999999999659e+01
6.992742742742742848e+03 1.466000000000000014e+01 5.492000000000000171e+01
6.997497497497497534e+03 1.456000000000000050e+01 5.492999999999999972e+01
7.002252252252252219e+03 1.448000000000000043e+01 5.492000000000000171e+01
7.007007007007006905e+03 1.441999999999999993e+01 5.488000000000000256e+01
7.011761761761761591e+03 1.434999999999999964e+01 5.485000000000000142e+01
7.016516516516516276e+03 1.428999999999999915e+01 5.482000000000000028e+01
7.021271271271270962e+03 1.423000000000000043e+01 5.478000000000000114e+01
7.026026026026025647e+03 1.416999999999999993e+01 5.475000000000000000e+01
7.030780780780780333e+03 1.410999999999999943e+01 5.471999999999999886e+01
7.035535535535535018e+03 1.403999999999999915e+01 5.468999999999999773e+01
7.040290290290289704e+03 1.398000000000000043e+01 5.465999999999999659e+01
7.045045045045045299e+03 1.391000000000000014e+01 5.463000000000000256e+01
7.049799799799799985e+03 1.384999999999999964e+01 5.460000000000000142e+01
7.054554554554554670e+03 1.377999999999999936e+01 5.457000000000000028e+01
7.059309309309309356e+03 1.372000000000000064e+01 5.453999999999999915e+01
7.064064064064064041e+03 1.365000000000000036e+01 5.450999999999999801e+01
7.068818818818818727e+03 1.358999999999999986e+01 5.447999999999999687e+01
7.073573573573573412e+03 1.352999999999999936e+01 5.445000000000000284e+01
7.078328328328329007e+03 1.346000000000000085e+01 5.442000000000000171e+01
7.083083083083083693e+03 1.340000000000000036e+01 5.439000000000000057e+01
7.087837837837838379e+03 1.333000000000000007e+01 5.435999999999999943e+01
7.092592592592593064e+03 1.326999999999999957e+01 5.434000000000000341e+01
7.097347347347347750e+03 1.319999999999999929e+01 5.431000000000000227e+01
7.102102102102102435e+03 1.314000000000000057e+01 5.428000000000000114e+01
7.106856856856857121e+03 1.308000000000000007e+01 5.425000000000000000e+01
7.111611611611611806e+03 1.300999999999999979e+01 5.422999999999999687e+01
7.116366366366366492e+03 1.294999999999999929e+01 5.420000000000000284e+01
7.121121121121121178e+03 1.288000000000000078e+01 5.417999999999999972e+01
7.125875875875875863e+03 1.282000000000000028e+01 5.414999999999999858e+01
7.130630630630630549e+03 1.275999999999999979e+01 5.411999999999999744e+01
7.135385385385385234e+03 1.268999999999999950e+01 5.410000000000000142e+01
7.140140140140139920e+03 1.263000000000000078e+01 5.407000000000000028e+01
7.144894894894894605e+03 1.257000000000000028e+01 5.404999999999999716e+01
7.149649649649649291e+03 1.250000000000000000e+01 5.402000000000000313e+01
7.154404404404403977e+03 1.243999999999999950e+01 5.397999999999999687e+01
7.159159159159158662e+03 1.238000000000000078e+01 5.396000000000000085e+01
7.163913913913913348e+03 1.231000000000000050e+01 5.392999999999999972e+01
7.168668668668668943e+03 1.225000000000000000e+01 5.390999999999999659e+01
7.173423423423423628e+03 1.218999999999999950e+01 5.388000000000000256e+01
7.178178178178178314e+03 1.211999999999999922e+01 5.385999999999999943e+01
7.182932932932932999e+03 1.206000000000000050e+01 5.384000000000000341e+01
7.187687687687687685e+03 1.200000000000000000e+01 5.382000000000000028e+01
7.192442442442442371e+03 1.193999999999999950e+01 5.378999999999999915e+01
7.197197197197197056e+03 1.186999999999999922e+01 5.377000000000000313e+01
7.201951951951952651e+03 1.181000000000000050e+01 5.375000000000000000e+01
7.206706706706707337e+03 1.175000000000000000e+01 5.371999999999999886e+01
7.211461461461462022e+03 1.168999999999999950e+01 5.370000000000000284e+01
7.216216216216216708e+03 1.161999999999999922e+01 5.367999999999999972e+01
7.220970970970971393e+03 1.156000000000000050e+01 5.365999999999999659e+01
7.225725725725726079e+03 1.147000000000000064e+01 5.365999999999999659e+01
7.230480480480480765e+03 1.140000000000000036e+01 5.364999999999999858e+01
7.235235235235235450e+03 1.132000000000000028e+01 5.364999999999999858e+01
7.239989989989990136e+03 1.123000000000000043e+01 5.364000000000000057e+01
7.244744744744744821e+03 1.115000000000000036e+01 5.364000000000000057e+01
7.249499499499499507e+03 1.107000000000000028e+01 5.363000000000000256e+01
7.254254254254254192e+03 1.101999999999999957e+01 5.360000000000000142e+01
7.259009009009008878e+03 1.097000000000000064e+01 5.357000000000000028e+01
7.263763763763763563e+03 1.091999999999999993e+01 5.353000000000000114e+01
7.268518518518518249e+03 1.086999999999999922e+01 5.350000000000000000e+01
7.273273273273272935e+03 1.082000000000000028e+01 5.346999999999999886e+01
7.278028028028027620e+03 1.076999999999999957e+01 5.343999999999999773e+01
7.282782782782782306e+03 1.072000000000000064e+01 5.339999999999999858e+01
7.287537537537536991e+03 1.066999999999999993e+01 5.338000000000000256e+01
7.292292292292291677e+03 1.064000000000000057e+01 5.334000000000000341e+01
7.297047047047047272e+03 1.058999999999999986e+01 5.331000000000000227e+01
7.301801801801801957e+03 1.053999999999999915e+01 5.328000000000000114e+01
7.306556556556556643e+03 1.049000000000000021e+01 5.325000000000000000e+01
7.311311311311311329e+03 1.043999999999999950e+01 5.321999999999999886e+01
7.316066066066066014e+03 1.039000000000000057e+01 5.318999999999999773e+01
7.320820820820820700e+03 1.033999999999999986e+01 5.315999999999999659e+01
7.325575575575576295e+03 1.027999999999999936e+01 5.313000000000000256e+01
7.330330330330330980e+03 1.023000000000000043e+01 5.310000000000000142e+01
7.335085085085085666e+03 1.017999999999999972e+01 5.307000000000000028e+01
7.339839839839840351e+03 1.013000000000000078e+01 5.303999999999999915e+01
7.344594594594595037e+03 1.008000000000000007e+01 5.300999999999999801e+01
7.349349349349349723e+03 1.002999999999999936e+01 5.297999999999999687e+01
7.354104104104104408e+03 9.980000000000000426e+00 5.304999999999999716e+01
7.358858858858859094e+03 9.929999999999999716e+00 5.302000000000000313e+01
7.363613613613613779e+03 9.880000000000000782e+00 5.300000000000000000e+01
7.368368368368368465e+03 9.830000000000000071e+00 5.296999999999999886e+01
7.373123123123123150e+03 9.779999999999999361e+00 5.293999999999999773e+01
7.377877877877877836e+03 9.730000000000000426e+00 5.290999999999999659e+01
7.382632632632632522e+03 9.679999999999999716e+00 5.288000000000000256e+01
7.387387387387387207e+03 9.630000000000000782e+00 5.285000000000000142e+01
7.392142142142141893e+03 9.580000000000000071e+00 5.282999999999999829e+01
7.396896896896896578e+03 9.529999999999999361e+00 5.279999999999999716e+01
7.401651651651651264e+03 9.470000000000000639e+00 5.277000000000000313e+01
7.406406406406405949e+03 9.419999999999999929e+00 5.274000000000000199e+01
7.411161161161160635e+03 9.369999999999999218e+00 5.271999999999999886e+01
7.415915915915915321e+03 9.320000000000000284e+00 5.268999999999999773e+01
7.420670670670670916e+03 9.269999999999999574e+00 5.265999999999999659e+01
7.425425425425425601e+03 9.220000000000000639e+00 5.263000000000000256e+01
7.430180180180180287e+03 9.169999999999999929e+00 5.260999999999999943e+01
7.434934934934934972e+03 9.119999999999999218e+00 5.257999999999999829e+01
7.439689689689689658e+03 9.070000000000000284e+00 5.254999999999999716e+01
7.444444444444444343e+03 9.019999999999999574e+00 5.252000000000000313e+01
7.449199199199199938e+03 8.970000000000000639e+00 5.249000000000000199e+01
7.453953953953954624e+03 8.929999999999999716e+00 5.246999999999999886e+01
7.458708708708709310e+03 8.880000000000000782e+00 5.243999999999999773e+01
7.463463463463463995e+03 8.830000000000000071e+00 5.242000000000000171e+01
7.468218218218218681e+03 8.779999999999999361e+00 5.239000000000000057e+01
7.472972972972973366e+03 8.720000000000000639e+00 5.236999999999999744e+01
7.477727727727728052e+03 8.660000000000000142e+00 5.235999999999999943e+01
7.482482482482482737e+03 8.589999999999999858e+00 5.235000000000000142e+01
7.487237237237237423e+03 8.529999999999999361e+00 5.232999999999999829e+01
7.491991991991992109e+03 8.460000000000000853e+00 5.231000000000000227e+01
7.496746746746746794e+03 8.400000000000000355e+00 5.229999999999999716e+01
7.501501501501501480e+03 8.339999999999999858e+00 5.228000000000000114e+01
7.506256256256256165e+03 8.300000000000000711e+00 5.224000000000000199e+01
7.511011011011010851e+03 8.259999999999999787e+00 5.221000000000000085e+01
7.515765765765765536e+03 8.220000000000000639e+00 5.217999999999999972e+01
7.520520520520520222e+03 8.179999999999999716e+00 5.214999999999999858e+01
7.525275275275274907e+03 8.140000000000000568e+00 5.207999999999999829e+01
7.530030030030029593e+03 8.099999999999999645e+00 5.203999999999999915e+01
7.534784784784784279e+03 8.060000000000000497e+00 5.200999999999999801e+01
7.539539539539538964e+03 8.019999999999999574e+00 5.196999999999999886e+01
7.544294294294294559e+03 7.980000000000000426e+00 5.193999999999999773e+01
7.549049049049049245e+03 7.940000000000000391e+00 5.190999999999999659e+01
7.553803803803803930e+03 7.900000000000000355e+00 5.188000000000000256e+01
7.558558558558558616e+03 7.860000000000000320e+00 5.184000000000000341e+01
7.563313313313313301e+03 7.820000000000000284e+00 5.182000000000000028e+01
7.568068068068067987e+03 7.780000000000000249e+00 5.178000000000000114e+01
7.572822822822822673e+03 7.740000000000000213e+00 5.175000000000000000e+01
7.577577577577578268e+03 7.700000000000000178e+00 5.171999999999999886e+01
7.582332332332332953e+03 7.660000000000000142e+00 5.168999999999999773e+01
7.587087087087087639e+03 7.629999999999999893e+00 5.165999999999999659e+01
7.591841841841842324e+03 7.589999999999999858e+00 5.161999999999999744e+01
7.596596596596597010e+03 7.549999999999999822e+00 5.159000000000000341e+01
7.601351351351351695e+03 7.509999999999999787e+00 5.156000000000000227e+01
7.606106106106106381e+03 7.469999999999999751e+00 5.153000000000000114e+01
7.610860860860861067e+03 7.429999999999999716e+00 5.149000000000000199e+01
7.615615615615615752e+03 7.389999999999999680e+00 5.146999999999999886e+01
7.620370370370370438e+03 7.349999999999999645e+00 5.142999999999999972e+01
7.625125125125125123e+03 7.309999999999999609e+00 5.139999999999999858e+01
7.629879879879879809e+03 7.269999999999999574e+00 5.136999999999999744e+01
7.634634634634634494e+03 7.230000000000000426e+00 5.134000000000000341e+01
7.639389389389389180e+03 7.190000000000000391e+00 5.131000000000000227e+01
7.644144144144143866e+03 7.160000000000000142e+00 5.128000000000000114e+01
7.648898898898898551e+03 7.120000000000000107e+00 5.124000000000000199e+01
7.653653653653653237e+03 7.080000000000000071e+00 5.121000000000000085e+01
7.658408408408407922e+03 7.040000000000000036e+00 5.117999999999999972e+01
7.663163163163162608e+03 7.000000000000000000e+00 5.114999999999999858e+01
7.667917917917918203e+03 6.959999999999999964e+00 5.111999999999999744e+01
7.672672672672672888e+03 6.919999999999999929e+00 5.109000000000000341e+01
7.677427427427427574e+03 6.889999999999999680e+00 5.106000000000000227e+01
7.682182182182182260e+03 6.849999999999999645e+00 5.103000000000000114e+01
7.686936936936936945e+03 6.809999999999999609e+00 5.100000000000000000e+01
7.691691691691691631e+03 6.769999999999999574e+00 5.096999999999999886e+01
7.696446446446446316e+03 6.730000000000000426e+00 5.093999999999999773e+01
7.701201201201201911e+03 6.690000000000000391e+00 5.090999999999999659e+01
7.705955955955956597e+03 6.660000000000000142e+00 5.086999999999999744e+01
7.710710710710711282e+03 6.620000000000000107e+00 5.084000000000000341e+01
7.715465465465465968e+03 6.580000000000000071e+00 5.081000000000000227e+01
7.720220220220220654e+03 6.540000000000000036e+00 5.078999999999999915e+01
7.724974974974975339e+03 6.500000000000000000e+00 5.078000000000000114e+01
7.729729729729730025e+03 6.459999999999999964e+00 5.078000000000000114e+01
7.734484484484484710e+03 6.419999999999999929e+00 5.078000000000000114e+01
7.739239239239239396e+03 6.379999999999999893e+00 5.077000000000000313e+01
7.743993993993994081e+03 6.339999999999999858e+00 5.077000000000000313e+01
7.748748748748748767e+03 6.299999999999999822e+00 5.075999999999999801e+01
7.753503503503503453e+03 6.259999999999999787e+00 5.074000000000000199e+01
7.758258258258258138e+03 6.230000000000000426e+00 5.071000000000000085e+01
7.763013013013012824e+03 6.200000000000000178e+00 5.067999999999999972e+01
7.767767767767767509e+03 6.169999999999999929e+00 5.064999999999999858e+01
7.772522522522522195e+03 6.139999999999999680e+00 5.060999999999999943e+01
7.777277277277276880e+03 6.110000000000000320e+00 5.057999999999999829e+01
7.782032032032031566e+03 6.080000000000000071e+00 5.054999999999999716e+01
7.786786786786786251e+03 6.049999999999999822e+00 5.052000000000000313e+01
7.791541541541540937e+03 6.019999999999999574e+00 5.049000000000000199e+01
7.796296296296296532e+03 5.990000000000000213e+00 5.046000000000000085e+01
7.801051051051051218e+03 5.959999999999999964e+00 5.042000000000000171e+01
7.805805805805805903e+03 5.929999999999999716e+00 5.039000000000000057e+01
7.810560560560560589e+03 5.900000000000000355e+00 5.035999999999999943e+01
7.815315315315315274e+03 5.870000000000000107e+00 5.032999999999999829e+01
7.820070070070069960e+03 5.839999999999999858e+00 5.029999999999999716e+01
7.824824824824825555e+03 5.809999999999999609e+00 5.027000000000000313e+01
7.829579579579580241e+03 5.780000000000000249e+00 5.024000000000000199e+01
7.834334334334334926e+03 5.750000000000000000e+00 5.020000000000000284e+01
7.839089089089089612e+03 5.719999999999999751e+00 5.017000000000000171e+01
7.843843843843844297e+03 5.690000000000000391e+00 5.014000000000000057e+01
7.848598598598598983e+03 5.660000000000000142e+00 5.010999999999999943e+01
7.853353353353353668e+03 5.629999999999999893e+00 5.007999999999999829e+01
7.858108108108108354e+03 5.599999999999999645e+00 5.003999999999999915e+01
7.862862862862863039e+03 5.570000000000000284e+00 5.002000000000000313e+01
7.867617617617617725e+03 5.540000000000000036e+00 4.999000000000000199e+01
7.872372372372372411e+03 5.509999999999999787e+00 4.995000000000000284e+01
7.877127127127127096e+03 5.480000000000000426e+00 4.992000000000000171e+01
7.881881881881881782e+03 5.450000000000000178e+00 4.985999999999999943e+01
7.886636636636636467e+03 5.419999999999999929e+00 4.982999999999999829e+01
7.891391391391391153e+03 5.389999999999999680e+00 4.979999999999999716e+01
7.896146146146145838e+03 5.360000000000000320e+00 4.977000000000000313e+01
7.900900900900900524e+03 5.339999999999999858e+00 4.974000000000000199e+01
7.905655655655656119e+03 5.309999999999999609e+00 4.971000000000000085e+01
7.910410410410410805e+03 5.280000000000000249e+00 4.967999999999999972e+01
7.915165165165165490e+03 5.250000000000000000e+00 4.964000000000000057e+01
7.919919919919920176e+03 5.219999999999999751e+00 4.960999999999999943e+01
7.924674674674674861e+03 5.190000000000000391e+00 4.957999999999999829e+01
7.929429429429429547e+03 5.160000000000000142e+00 4.954999999999999716e+01
7.934184184184184232e+03 5.129999999999999893e+00 4.952000000000000313e+01
7.938938938938938918e+03 5.099999999999999645e+00 4.947999999999999687e+01
7.943693693693693604e+03 5.080000000000000071e+00 4.945000000000000284e+01
7.948448448448448289e+03 5.049999999999999822e+00 4.942999999999999972e+01
7.953203203203202975e+03 5.019999999999999574e+00 4.939000000000000057e+01
7.957957957957957660e+03 4.990000000000000213e+00 4.935999999999999943e+01
7.962712712712712346e+03 4.959999999999999964e+00 4.932999999999999829e+01
7.967467467467467941e+03 4.929999999999999716e+00 4.929999999999999716e+01
7.972222222222222626e+03 4.910000000000000142e+00 4.928000000000000114e+01
7.976976976976977312e+03 4.879999999999999893e+00 4.925999999999999801e+01
7.981731731731731998e+03 4.849999999999999645e+00 4.924000000000000199e+01
7.986486486486486683e+03 4.820000000000000284e+00 4.922999999999999687e+01
7.991241241241241369e+03 4.790000000000000036e+00 4.921999999999999886e+01
7.995995995995996054e+03 4.759999999999999787e+00 4.921000000000000085e+01
8.000750750750750740e+03 4.730000000000000426e+00 4.917999999999999972e+01
8.005505505505505425e+03 4.709999999999999964e+00 4.928000000000000114e+01
8.010260260260260111e+03 4.690000000000000391e+00 4.925999999999999801e+01
8.015015015015014797e+03 4.669999999999999929e+00 4.924000000000000199e+01
8.019769769769769482e+03 4.650000000000000355e+00 4.921000000000000085e+01
8.024524524524524168e+03 4.629999999999999893e+00 4.918999999999999773e+01
8.029279279279279763e+03 4.610000000000000320e+00 4.917000000000000171e+01
8.034034034034034448e+03 4.589999999999999858e+00 4.914000000000000057e+01
8.038788788788789134e+03 4.570000000000000284e+00 4.913000000000000256e+01
8.043543543543543819e+03 4.549999999999999822e+00 4.910000000000000142e+01
8.048298298298298505e+03 4.530000000000000249e+00 4.907999999999999829e+01
8.053053053053053191e+03 4.509999999999999787e+00 4.906000000000000227e+01
8.057807807807807876e+03 4.490000000000000213e+00 4.903999999999999915e+01
8.062562562562562562e+03 4.469999999999999751e+00 4.902000000000000313e+01
8.067317317317317247e+03 4.440000000000000391e+00 4.899000000000000199e+01
8.072072072072071933e+03 4.419999999999999929e+00 4.896999999999999886e+01
8.076826826826826618e+03 4.400000000000000355e+00 4.895000000000000284e+01
8.081581581581581304e+03 4.379999999999999893e+00 4.892999999999999972e+01
8.086336336336335989e+03 4.360000000000000320e+00 4.889999999999999858e+01
8.091091091091091585e+03 4.339999999999999858e+00 4.888000000000000256e+01
8.095845845845846270e+03 4.320000000000000284e+00 4.885999999999999943e+01
8.100600600600600956e+03 4.309999999999999609e+00 4.884000000000000341e+01
8.105355355355355641e+03 4.290000000000000036e+00 4.882000000000000028e+01
8.110110110110110327e+03 4.269999999999999574e+00 4.879999999999999716e+01
8.114864864864865012e+03 4.250000000000000000e+00 4.877000000000000313e+01
8.119619619619619698e+03 4.230000000000000426e+00 4.875000000000000000e+01
8.124374374374374383e+03 4.209999999999999964e+00 4.872999999999999687e+01
8.129129129129129069e+03 4.190000000000000391e+00 4.871000000000000085e+01
8.133883883883883755e+03 4.169999999999999929e+00 4.868999999999999773e+01
8.138638638638638440e+03 4.150000000000000355e+00 4.867000000000000171e+01
8.143393393393393126e+03 4.129999999999999893e+00 4.864999999999999858e+01
8.148148148148147811e+03 4.110000000000000320e+00 4.863000000000000256e+01
8.152902902902903406e+03 4.089999999999999858e+00 4.860999999999999943e+01
8.157657657657658092e+03 4.070000000000000284e+00 4.859000000000000341e+01
8.162412412412412777e+03 4.049999999999999822e+00 4.857000000000000028e+01
8.167167167167167463e+03 4.030000000000000249e+00 4.854999999999999716e+01
8.171921921921922149e+03 4.019999999999999574e+00 4.853000000000000114e+01
8.176676676676676834e+03 4.000000000000000000e+00 4.850999999999999801e+01
8.181431431431431520e+03 3.979999999999999982e+00 4.849000000000000199e+01
8.186186186186186205e+03 3.959999999999999964e+00 4.846999999999999886e+01
8.190940940940940891e+03 3.939999999999999947e+00 4.845000000000000284e+01
8.195695695695696486e+03 3.919999999999999929e+00 4.842999999999999972e+01
8.200450450450451171e+03 3.899999999999999911e+00 4.840999999999999659e+01
8.205205205205205857e+03 3.890000000000000124e+00 4.839999999999999858e+01
8.209959959959960543e+03 3.870000000000000107e+00 4.838000000000000256e+01
8.214714714714715228e+03 3.850000000000000089e+00 4.835999999999999943e+01
8.219469469469469914e+03 3.830000000000000071e+00 4.834000000000000341e+01
8.224224224224224599e+03 3.799999999999999822e+00 4.828999999999999915e+01
8.228978978978979285e+03 3.770000000000000018e+00 4.825000000000000000e+01
8.233733733733733970e+03 3.740000000000000213e+00 4.821000000000000085e+01
8.238488488488488656e+03 3.709999999999999964e+00 4.815999999999999659e+01
8.243243243243243342e+03 3.680000000000000160e+00 4.811999999999999744e+01
8.247997997997998027e+03 3.649999999999999911e+00 4.807000000000000028e+01
8.252752752752752713e+03 3.629999999999999893e+00 4.803000000000000114e+01
8.257507507507507398e+03 3.609999999999999876e+00 4.800000000000000000e+01
8.262262262262262084e+03 3.589999999999999858e+00 4.796999999999999886e+01
8.267017017017016769e+03 3.580000000000000071e+00 4.793999999999999773e+01
8.271771771771771455e+03 3.560000000000000053e+00 4.789999999999999858e+01
8.276526526526526141e+03 3.540000000000000036e+00 4.786999999999999744e+01
8.281281281281280826e+03 3.520000000000000018e+00 4.784000000000000341e+01
8.286036036036035512e+03 3.509999999999999787e+00 4.775999999999999801e+01
8.290790790790790197e+03 3.490000000000000213e+00 4.772999999999999687e+01
8.295545545545544883e+03 3.470000000000000195e+00 4.770000000000000284e+01
8.300300300300299568e+03 3.450000000000000178e+00 4.767000000000000171e+01
8.305055055055054254e+03 3.430000000000000160e+00 4.764000000000000057e+01
8.309809809809808939e+03 3.419999999999999929e+00 4.760000000000000142e+01
8.314564564564563625e+03 3.399999999999999911e+00 4.757000000000000028e+01
8.319319319319318311e+03 3.379999999999999893e+00 4.753999999999999915e+01
8.324074074074072996e+03 3.359999999999999876e+00 4.750999999999999801e+01
8.328828828828827682e+03 3.350000000000000089e+00 4.746999999999999886e+01
8.333583583583582367e+03 3.330000000000000071e+00 4.743999999999999773e+01
8.338338338338338872e+03 3.310000000000000053e+00 4.740999999999999659e+01
8.343093093093093557e+03 3.290000000000000036e+00 4.736999999999999744e+01
8.347847847847848243e+03 3.279999999999999805e+00 4.732999999999999829e+01
8.352602602602602929e+03 3.259999999999999787e+00 4.731000000000000227e+01
8.357357357357357614e+03 3.240000000000000213e+00 4.727000000000000313e+01
8.362112112112112300e+03 3.229999999999999982e+00 4.724000000000000199e+01
8.366866866866866985e+03 3.209999999999999964e+00 4.721000000000000085e+01
8.371621621621621671e+03 3.189999999999999947e+00 4.717000000000000171e+01
8.376376376376376356e+03 3.169999999999999929e+00 4.714000000000000057e+01
8.381131131131131042e+03 3.160000000000000142e+00 4.710000000000000142e+01
8.385885885885885727e+03 3.140000000000000124e+00 4.706000000000000227e+01
8.390640640640640413e+03 3.120000000000000107e+00 4.703999999999999915e+01
8.395395395395395099e+03 3.109999999999999876e+00 4.700999999999999801e+01
8.400150150150149784e+03 3.089999999999999858e+00 4.696999999999999886e+01
8.404904904904906289e+03 3.069999999999999840e+00 4.693999999999999773e+01
8.409659659659660974e+03 3.060000000000000053e+00 4.689000000000000057e+01
8.414414414414415660e+03 3.040000000000000036e+00 4.685999999999999943e+01
8.419169169169170345e+03 3.020000000000000018e+00 4.682999999999999829e+01
8.423923923923925031e+03 3.009999999999999787e+00 4.678999999999999915e+01
8.428678678678679717e+03 2.990000000000000213e+00 4.675999999999999801e+01
8.433433433433434402e+03 2.970000000000000195e+00 4.672999999999999687e+01
8.438188188188189088e+03 2.959999999999999964e+00 4.668999999999999773e+01
8.442942942942943773e+03 2.939999999999999947e+00 4.665999999999999659e+01
8.447697697697698459e+03 2.919999999999999929e+00 4.661999999999999744e+01
8.452452452452453144e+03 2.910000000000000142e+00 4.659000000000000341e+01
8.457207207207207830e+03 2.890000000000000124e+00 4.654999999999999716e+01
8.461961961961962515e+03 2.879999999999999893e+00 4.652000000000000313e+01
8.466716716716717201e+03 2.859999999999999876e+00 4.649000000000000199e+01
8.471471471471471887e+03 2.839999999999999858e+00 4.642999999999999972e+01
8.476226226226226572e+03 2.810000000000000053e+00 4.635000000000000142e+01
8.480980980980981258e+03 2.779999999999999805e+00 4.627000000000000313e+01
8.485735735735735943e+03 2.759999999999999787e+00 4.617999999999999972e+01
8.490490490490490629e+03 2.729999999999999982e+00 4.610000000000000142e+01
8.495245245245245314e+03 2.700000000000000178e+00 4.600999999999999801e+01
8.500000000000000000e+03 2.669999999999999929e+00 4.592000000000000171e+01
