ALL abundances NOT listed below differ from solar by  -0.04 dex
#  linelist/HATS-1_rv2.moog - SNR: 155                                          
Teff= 5959   log g= 4.59                              vt= 1.05 M/H=-0.04        

Abundance Results for Species Fe I         (input abundance =   7.430)
wavelength         ID      EP   logGF     EWin   logRWin     abund   delavg
  4787.830   26.00000   3.000  -2.540    32.80    -5.164     7.380   -0.049
  4788.760   26.00000   3.240  -1.799    56.40    -4.929     7.354   -0.074
  4789.650   26.00000   3.550  -1.178    82.30    -4.765     7.489    0.061
  4793.970   26.00000   3.050  -3.471     9.60    -5.698     7.651    0.222
  4794.360   26.00000   2.420  -3.903    12.70    -5.577     7.630    0.202
  4799.410   26.00000   3.640  -2.081    37.00    -5.113     7.598    0.169
  4802.520   26.00000   4.610  -1.724    20.40    -5.372     7.721    0.293
  4802.880   26.00000   3.690  -1.533    51.90    -4.966     7.392   -0.036
  4808.150   26.00000   3.250  -2.638    25.70    -5.272     7.540    0.112
  4809.940   26.00000   3.570  -2.551    17.20    -5.447     7.513    0.085
  4811.050   26.00000   3.070  -3.190    12.50    -5.585     7.518    0.089
  4885.430   26.00000   3.880  -1.143    62.00    -4.897     7.356   -0.072
  4905.140   26.00000   3.930  -1.826    26.30    -5.271     7.362   -0.066
  4924.770   26.00000   2.280  -2.067    86.70    -4.754     7.375   -0.053
  4946.390   26.00000   3.370  -1.058   102.50    -4.684     7.517    0.089
  4952.650   26.00000   4.210  -1.190    53.00    -4.971     7.505    0.077
  4961.920   26.00000   3.630  -2.310    22.80    -5.338     7.484    0.056
  4962.580   26.00000   4.180  -1.217    47.80    -5.016     7.418   -0.011
  4967.900   26.00000   4.190  -0.727    75.60    -4.818     7.415   -0.014
  4993.700   26.00000   4.210  -1.145    46.50    -5.031     7.346   -0.082
  4994.140   26.00000   0.920  -3.182    98.10    -4.707     7.485    0.056
  5044.220   26.00000   2.850  -2.044    67.10    -4.876     7.448    0.019
  5054.650   26.00000   3.640  -1.998    32.10    -5.197     7.396   -0.033
  5067.150   26.00000   4.220  -0.866    57.10    -4.948     7.260   -0.168
  5068.770   26.00000   2.940  -1.085   116.80    -4.637     7.379   -0.049
  5072.680   26.00000   4.220  -0.989    58.70    -4.937     7.410   -0.019
  5074.760   26.00000   4.220  -0.237    99.50    -4.708     7.281   -0.148
  5083.340   26.00000   0.960  -3.057    93.20    -4.737     7.279   -0.150
  5088.150   26.00000   4.150  -1.562    27.70    -5.264     7.323   -0.105
  5090.780   26.00000   4.260  -0.521    83.50    -4.785     7.375   -0.054
  5107.450   26.00000   0.990  -3.159    99.90    -4.709     7.538    0.110
  5107.650   26.00000   1.560  -2.609    87.50    -4.766     7.261   -0.168
  5109.650   26.00000   4.300  -0.743    67.70    -4.878     7.386   -0.043
  5127.360   26.00000   0.920  -3.325    94.40    -4.735     7.523    0.094
  5129.630   26.00000   3.940  -1.475    60.40    -4.929     7.692    0.263
  5141.740   26.00000   2.420  -2.133    79.00    -4.813     7.385   -0.044
  5143.730   26.00000   2.200  -3.819    17.80    -5.461     7.494    0.066
  5151.910   26.00000   1.010  -3.163    93.50    -4.741     7.424   -0.005
  5159.060   26.00000   4.280  -0.852    66.20    -4.892     7.449    0.021
  5180.060   26.00000   4.470  -1.111    39.00    -5.123     7.389   -0.040
  5187.910   26.00000   4.140  -1.209    47.20    -5.041     7.354   -0.074
  5194.950   26.00000   1.560  -2.344   116.70    -4.649     7.482    0.053
  5195.480   26.00000   4.220  -0.448    93.60    -4.744     7.410   -0.018
  5196.060   26.00000   4.260  -0.833    66.10    -4.895     7.412   -0.017
  5198.720   26.00000   2.220  -2.173    89.70    -4.763     7.442    0.014
  5217.400   26.00000   3.210  -1.091   102.00    -4.709     7.400   -0.029
  5223.190   26.00000   3.630  -2.260    23.50    -5.347     7.438    0.009
  5225.530   26.00000   0.110  -4.779    62.60    -4.922     7.452    0.023
  5228.380   26.00000   4.220  -1.101    52.80    -4.996     7.416   -0.013
  5229.860   26.00000   3.280  -0.945   109.60    -4.679     7.406   -0.022
  5242.500   26.00000   3.630  -1.130    78.80    -4.823     7.408   -0.020
  5243.780   26.00000   4.260  -1.028    49.50    -5.025     7.313   -0.115
  5247.060   26.00000   0.090  -4.945    55.90    -4.973     7.437    0.009
  5250.210   26.00000   0.120  -4.875    47.50    -5.043     7.220   -0.209
  5253.020   26.00000   2.280  -3.863    13.50    -5.590     7.459    0.030
  5253.470   26.00000   3.280  -1.597    62.90    -4.922     7.282   -0.146
  5263.310   26.00000   3.270  -0.874   114.60    -4.662     7.386   -0.042
  5288.530   26.00000   3.690  -1.618    50.60    -5.019     7.427   -0.002
  5293.960   26.00000   4.140  -1.755    24.10    -5.342     7.413   -0.015
  5294.550   26.00000   3.640  -2.634    12.30    -5.634     7.461    0.032
  5361.620   26.00000   4.420  -1.211    36.90    -5.162     7.400   -0.029
  5373.710   26.00000   4.470  -0.847    56.30    -4.980     7.427   -0.002
  5376.830   26.00000   4.290  -2.048    11.50    -5.670     7.436    0.008
  5379.580   26.00000   3.690  -1.558    52.20    -5.013     7.389   -0.039
  5386.340   26.00000   4.150  -1.718    23.80    -5.355     7.371   -0.057
  5389.480   26.00000   4.420  -0.539    82.90    -4.813     7.492    0.063
  5395.220   26.00000   4.450  -1.732    19.90    -5.433     7.557    0.128
  5398.280   26.00000   4.450  -0.689    67.20    -4.905     7.434    0.005
  5401.270   26.00000   4.320  -1.720    19.60    -5.440     7.418   -0.011
  5409.140   26.00000   4.370  -1.057    45.50    -5.075     7.361   -0.068
  5417.040   26.00000   4.420  -1.412    37.40    -5.161     7.605    0.176
  5432.950   26.00000   4.450  -0.734    65.10    -4.921     7.445    0.017
  5436.300   26.00000   4.390  -1.325    34.90    -5.192     7.444    0.016
  5436.590   26.00000   2.280  -3.275    36.90    -5.168     7.478    0.050
  5441.340   26.00000   4.310  -1.564    26.50    -5.312     7.428   -0.000
  5461.550   26.00000   4.450  -1.577    19.00    -5.459     7.370   -0.059
  5464.280   26.00000   4.140  -1.601    30.20    -5.258     7.396   -0.033
  5466.990   26.00000   3.650  -2.148    28.00    -5.291     7.443    0.014
  5473.170   26.00000   4.190  -1.994    10.80    -5.705     7.256   -0.172
  5481.250   26.00000   4.100  -1.209    52.80    -5.016     7.409   -0.019
  5491.830   26.00000   4.190  -2.202    10.00    -5.740     7.423   -0.006
  5522.450   26.00000   4.210  -1.425    38.80    -5.153     7.459    0.031
  5534.660   26.00000   4.150  -2.399     5.60    -5.995     7.306   -0.122
  5543.940   26.00000   4.220  -1.075    57.30    -4.986     7.457    0.028
  5546.510   26.00000   4.370  -1.130    45.80    -5.083     7.433    0.005
  5547.000   26.00000   4.220  -1.747    16.50    -5.527     7.250   -0.178
  5553.580   26.00000   4.430  -1.327    33.50    -5.220     7.450    0.021
  5560.220   26.00000   4.430  -1.070    46.50    -5.078     7.441    0.012
  5567.400   26.00000   2.610  -2.600    54.00    -5.013     7.461    0.032
  5577.030   26.00000   5.030  -1.493     8.10    -5.838     7.374   -0.055
  5584.770   26.00000   3.570  -2.197    29.30    -5.280     7.442    0.013
  5587.580   26.00000   4.140  -1.662    30.50    -5.263     7.458    0.030
  5594.660   26.00000   4.550  -0.864    56.30    -4.997     7.505    0.076
  5618.640   26.00000   4.210  -1.304    43.30    -5.113     7.422   -0.007
  5619.600   26.00000   4.390  -1.442    27.60    -5.309     7.399   -0.030
  5633.950   26.00000   4.990  -0.389    67.50    -4.922     7.529    0.101
  5635.830   26.00000   4.260  -1.562    28.40    -5.298     7.416   -0.012
  5636.700   26.00000   3.640  -2.517    14.20    -5.599     7.400   -0.028
  5638.270   26.00000   4.220  -0.814    70.90    -4.900     7.425   -0.003
  5641.440   26.00000   4.260  -0.974    56.70    -4.998     7.375   -0.053
  5649.990   26.00000   5.100  -0.792    30.00    -5.275     7.418   -0.011
  5651.470   26.00000   4.470  -1.770    14.30    -5.597     7.426   -0.003
  5652.320   26.00000   4.260  -1.757    24.60    -5.361     7.523    0.095
  5653.870   26.00000   4.390  -1.408    30.30    -5.271     7.423   -0.005
  5661.350   26.00000   4.280  -1.834    19.80    -5.456     7.490    0.061
  5662.520   26.00000   4.180  -0.607    77.10    -4.866     7.286   -0.142
  5667.520   26.00000   4.180  -1.298    43.90    -5.111     7.395   -0.033
  5679.030   26.00000   4.650  -0.762    54.90    -5.015     7.455    0.027
  5680.240   26.00000   4.190  -2.337     8.50    -5.825     7.474    0.046
  5701.550   26.00000   2.560  -2.168    70.70    -4.907     7.314   -0.115
  5715.090   26.00000   4.280  -0.852    63.30    -4.956     7.387   -0.042
  5720.900   26.00000   4.550  -1.813    10.80    -5.724     7.396   -0.032
  5731.770   26.00000   4.260  -1.128    47.00    -5.086     7.352   -0.077
  5738.240   26.00000   4.220  -2.171    14.70    -5.591     7.606    0.177
  5741.850   26.00000   4.260  -1.631    25.60    -5.351     7.415   -0.014
  5752.040   26.00000   4.550  -0.922    50.70    -5.055     7.465    0.037
  5852.220   26.00000   4.550  -1.194    33.70    -5.240     7.417   -0.011
  5853.150   26.00000   1.490  -5.146     7.60    -5.887     7.659    0.230
  5855.080   26.00000   4.610  -1.537    12.00    -5.688     7.223   -0.205
  5856.090   26.00000   4.290  -1.579    30.20    -5.288     7.494    0.065
  5862.360   26.00000   4.550  -0.409    81.50    -4.857     7.434    0.006
  5902.480   26.00000   4.590  -1.805    18.30    -5.509     7.693    0.264
  5905.680   26.00000   4.650  -0.780    49.10    -5.080     7.375   -0.053
  5916.260   26.00000   2.450  -2.924    49.10    -5.081     7.507    0.079
  5927.790   26.00000   4.650  -1.062    36.30    -5.213     7.419   -0.009
  5929.680   26.00000   4.550  -1.217    42.70    -5.143     7.607    0.179
  5930.190   26.00000   4.650  -0.331    72.50    -4.913     7.297   -0.132
  5934.660   26.00000   3.930  -1.095    69.40    -4.932     7.429    0.000
  5956.700   26.00000   0.860  -4.532    33.70    -5.247     7.251   -0.177
  5983.690   26.00000   4.550  -0.724    58.20    -5.012     7.388   -0.040
  5984.820   26.00000   4.730  -0.340    73.10    -4.913     7.380   -0.049
  5987.070   26.00000   4.790  -0.482    61.10    -4.991     7.387   -0.042
  6005.550   26.00000   2.590  -3.487    16.10    -5.572     7.426   -0.003
  6024.060   26.00000   4.550  -0.129    98.10    -4.788     7.370   -0.058
  6034.040   26.00000   4.310  -2.314     5.50    -6.040     7.341   -0.087
  6035.340   26.00000   4.290  -2.484     3.80    -6.201     7.323   -0.106
  6054.080   26.00000   4.370  -2.245     4.50    -6.129     7.235   -0.193
  6056.010   26.00000   4.730  -0.493    64.00    -4.976     7.395   -0.034
  6078.490   26.00000   4.790  -0.369    59.90    -5.006     7.250   -0.179
  6079.010   26.00000   4.650  -1.012    53.70    -5.054     7.677    0.249
  6082.720   26.00000   2.220  -3.574    18.10    -5.526     7.217   -0.211
  6094.380   26.00000   4.650  -1.574    14.60    -5.621     7.389   -0.040
  6096.670   26.00000   3.980  -1.782    31.10    -5.292     7.423   -0.006
  6098.250   26.00000   4.560  -1.763    12.30    -5.695     7.407   -0.021
  6120.250   26.00000   0.920  -5.902     2.80    -6.340     7.382   -0.047
  6127.910   26.00000   4.140  -1.421    38.90    -5.197     7.369   -0.059
  6151.620   26.00000   2.180  -3.302    41.20    -5.174     7.449    0.020
  6157.730   26.00000   4.080  -1.242    62.70    -4.992     7.571    0.142
  6159.380   26.00000   4.610  -1.886    11.40    -5.733     7.536    0.108
  6165.360   26.00000   4.140  -1.508    37.80    -5.212     7.432    0.003
  6173.340   26.00000   2.220  -2.881    61.20    -5.004     7.473    0.044
  6180.210   26.00000   2.730  -2.636    45.40    -5.134     7.393   -0.036
  6187.990   26.00000   3.940  -1.626    38.20    -5.209     7.370   -0.058
  6200.320   26.00000   2.610  -2.401    65.40    -4.977     7.448    0.020
  6213.440   26.00000   2.220  -2.584    67.30    -4.965     7.298   -0.130
  6219.290   26.00000   2.200  -2.468    79.50    -4.893     7.407   -0.022
  6220.790   26.00000   3.880  -2.337    11.60    -5.729     7.314   -0.114
  6226.740   26.00000   3.880  -2.075    21.10    -5.470     7.372   -0.056
  6229.240   26.00000   2.850  -2.873    30.40    -5.312     7.427   -0.001
  6232.650   26.00000   3.650  -1.244    74.50    -4.923     7.406   -0.022
  6240.650   26.00000   2.220  -3.298    39.90    -5.194     7.453    0.024
  6265.140   26.00000   2.180  -2.563    76.10    -4.916     7.415   -0.013
  6270.230   26.00000   2.860  -2.576    42.50    -5.169     7.395   -0.034
  6290.980   26.00000   4.730  -0.580    72.00    -4.941     7.593    0.164
  6297.800   26.00000   2.220  -2.779    68.80    -4.962     7.519    0.090
  6315.810   26.00000   4.080  -1.651    46.90    -5.129     7.687    0.259
  6322.690   26.00000   2.590  -2.372    70.20    -4.955     7.481    0.052
  6335.340   26.00000   2.200  -2.343    89.70    -4.849     7.467    0.038
  6336.830   26.00000   3.690  -0.862   112.40    -4.751     7.604    0.176
  6358.680   26.00000   0.860  -3.909    69.60    -4.961     7.340   -0.089
  6380.750   26.00000   4.190  -1.325    46.20    -5.140     7.447    0.019
  6385.720   26.00000   4.730  -1.836    13.10    -5.688     7.657    0.229
  6392.540   26.00000   2.280  -3.948    13.90    -5.663     7.492    0.063
  6430.850   26.00000   2.180  -2.133   101.00    -4.804     7.422   -0.007
  6481.880   26.00000   2.280  -2.933    55.80    -5.065     7.451    0.023
  6498.940   26.00000   0.960  -4.632    33.40    -5.289     7.407   -0.022
  6581.210   26.00000   1.490  -4.713    11.50    -5.758     7.385   -0.043
  6593.880   26.00000   2.430  -2.384    83.20    -4.899     7.572    0.143
  6608.030   26.00000   2.280  -3.973    10.30    -5.807     7.352   -0.077
  6609.120   26.00000   2.560  -2.634    56.00    -5.072     7.411   -0.018
  6625.020   26.00000   1.010  -5.288    11.30    -5.768     7.481    0.052
  6627.550   26.00000   4.550  -1.479    21.90    -5.481     7.404   -0.025
  6646.940   26.00000   2.610  -3.919     7.40    -5.953     7.452    0.024
  6653.860   26.00000   4.150  -2.414     7.80    -5.931     7.430    0.001
  6699.150   26.00000   4.590  -2.110     7.00    -5.981     7.484    0.056
  6703.570   26.00000   2.760  -3.026    33.10    -5.306     7.530    0.102
  6705.110   26.00000   4.610  -1.060    39.60    -5.229     7.421   -0.007
  6710.320   26.00000   1.490  -4.818    10.70    -5.797     7.446    0.017
  6713.050   26.00000   4.610  -1.520    13.90    -5.684     7.248   -0.180
  6713.200   26.00000   4.140  -2.445     9.80    -5.836     7.561    0.132
  6713.740   26.00000   4.790  -1.429    10.80    -5.794     7.195   -0.233
  6725.360   26.00000   4.100  -2.191     9.90    -5.832     7.273   -0.156
  6732.070   26.00000   4.580  -2.152     8.80    -5.884     7.625    0.197
  6733.150   26.00000   4.640  -1.433    16.70    -5.606     7.286   -0.143
  6739.520   26.00000   1.560  -4.906     9.60    -5.846     7.548    0.120
  6745.110   26.00000   4.580  -2.098     9.70    -5.842     7.617    0.188
  6745.970   26.00000   4.080  -2.661     6.80    -5.997     7.543    0.115
  6750.160   26.00000   2.420  -2.617    68.00    -4.997     7.489    0.060
  6752.710   26.00000   4.640  -1.238    30.10    -5.351     7.432    0.003
  6786.860   26.00000   4.190  -1.892    18.40    -5.567     7.379   -0.049
  6793.260   26.00000   4.580  -1.909     6.40    -6.026     7.228   -0.201
  6806.850   26.00000   2.730  -3.107    21.90    -5.493     7.310   -0.118
average abundance =  7.429     std. deviation =  0.099     #lines = 202
E.P. correlation:  slope =  -0.000  intercept =   7.429  corr. coeff. =  -0.003
R.W. correlation:  slope =  -0.000  intercept =   7.426  corr. coeff. =  -0.002
wav. correl.:  slope =  -2.747D-06  intercept =   7.444  corr. coeff. =  -0.016

Abundance Results for Species Fe II        (input abundance =   7.430)
wavelength         ID      EP   logGF     EWin   logRWin     abund   delavg
  4923.930   26.10000   2.890  -1.548   138.00    -4.552     7.302   -0.127
  5132.670   26.10000   2.810  -4.011    17.90    -5.457     7.297   -0.132
  5197.570   26.10000   3.230  -2.295    85.50    -4.784     7.562    0.133
  5234.630   26.10000   3.220  -2.237    76.90    -4.833     7.317   -0.113
  5256.940   26.10000   2.890  -4.023    30.40    -5.238     7.722    0.293
  5264.810   26.10000   3.230  -3.093    46.00    -5.059     7.481    0.052
  5284.110   26.10000   2.890  -3.132    57.00    -4.967     7.451    0.022
  5414.070   26.10000   3.220  -3.572    24.30    -5.348     7.416   -0.014
  5425.250   26.10000   3.200  -3.236    41.70    -5.114     7.487    0.058
  5525.120   26.10000   3.270  -4.000     9.50    -5.765     7.351   -0.078
  5534.850   26.10000   3.250  -2.792    59.00    -4.972     7.480    0.051
  5991.380   26.10000   3.150  -3.541    30.60    -5.292     7.465    0.036
  6084.110   26.10000   3.200  -3.776    19.60    -5.492     7.445    0.015
  6113.320   26.10000   3.220  -4.112    11.50    -5.726     7.497    0.067
  6149.250   26.10000   3.890  -2.719    36.70    -5.224     7.472    0.043
  6238.390   26.10000   3.890  -2.526    44.90    -5.143     7.465    0.036
  6239.940   26.10000   3.890  -3.452    15.40    -5.608     7.607    0.178
  6247.560   26.10000   3.890  -2.345    44.40    -5.148     7.271   -0.158
  6369.460   26.10000   2.890  -4.131    14.50    -5.643     7.331   -0.099
  6407.290   26.10000   3.890  -2.897    24.20    -5.423     7.326   -0.103
  6416.930   26.10000   3.890  -2.623    34.50    -5.270     7.314   -0.115
  6432.690   26.10000   2.890  -3.570    43.40    -5.171     7.524    0.095
  6442.970   26.10000   5.550  -2.399     3.80    -6.229     7.319   -0.110
  6456.390   26.10000   3.900  -2.106    61.80    -5.019     7.412   -0.017
  6516.090   26.10000   2.890  -3.277    52.00    -5.098     7.420   -0.009
average abundance =  7.429     std. deviation =  0.109     #lines =  25
E.P. correlation:  slope =  -0.042  intercept =   7.572  corr. coeff. =  -0.228
R.W. correlation:  slope =   0.030  intercept =   7.590  corr. coeff. =   0.100
wav. correl.:  slope =  -2.492D-05  intercept =   7.575  corr. coeff. =  -0.122
