HD55      4679  76 4.51 0.16 0.05 1.79 -0.66 0.02 219 17 0.652 4.79  0.124 0.011 7.47 no
HD142     6403  65 4.62 0.07 1.74 0.08  0.09 0.05 187 30 1.291 4.30  2.681 0.014 3.66 yes
HD283     5157  28 4.51 0.05 0.45 0.10 -0.54 0.02 252 31 0.611 4.50  0.340 0.034 6.14 no
HD361     5913  15 4.60 0.02 1.00 0.02 -0.12 0.01 258 34 1.042 4.52  0.955 0.024 4.83 no
HD750     5060  33 4.39 0.07 0.59 0.09 -0.29 0.02 252 33 0.686 4.54  0.323 0.034 6.23 no
HD870     5381  26 4.42 0.05 0.79 0.05 -0.10 0.02 254 32 0.860 4.56  0.486 0.014 5.68 no
HD967     5564  16 4.51 0.03 0.79 0.03 -0.68 0.01 251 34 0.667 4.35  0.702 0.044 5.23 no
HD1237    5514  36 4.50 0.07 1.09 0.05  0.07 0.03 249 32 0.939 4.53  0.631 0.008 5.36 yes
HD1320    5679  14 4.49 0.02 0.85 0.02 -0.27 0.01 253 32 0.871 4.48  0.746 0.027 5.14 no
HD1388    5954  10 4.41 0.02 1.13 0.01 -0.01 0.01 253 34 1.044 4.37  1.385 0.019 4.42 no
HD1461    5765  18 4.38 0.03 0.97 0.02  0.19 0.01 258 35 1.018 4.37  1.188 0.017 4.62 no
HD1581    5977  12 4.51 0.03 1.12 0.01 -0.18 0.01 248 33 0.995 4.41  1.218 0.005 4.56 no
HD2025    4939  53 4.58 0.10 0.61 0.17 -0.35 0.03 253 31 0.712 4.66  0.230 0.017 6.64 no
HD2071    5719  14 4.47 0.02 0.95 0.01 -0.09 0.01 253 33 0.947 4.50  0.798 0.019 5.06 no
HD2638    5198  52 4.43 0.09 0.74 0.11  0.12 0.04 255 36 0.805 4.50  0.463 0.063 5.79 yes
HD3569    5155  32 4.54 0.06 0.60 0.07 -0.32 0.02 253 33 0.716 4.55  0.348 0.044 6.11 no
HD3823    6022  14 4.31 0.02 1.39 0.02 -0.28 0.01 245 35 1.013 4.15  2.306 0.012 3.86 no
HD4208    5599  19 4.44 0.02 0.78 0.03 -0.28 0.01 257 32 0.827 4.45  0.713 0.031 5.21 yes
HD4307    5812  14 4.10 0.02 1.22 0.01 -0.23 0.01 256 35 0.975 3.97  2.924 0.029 3.63 no
HD4308    5644  16 4.38 0.03 0.90 0.02 -0.34 0.01 258 33 0.803 4.31  0.980 0.011 4.85 yes
HD4915    5658  13 4.52 0.03 0.90 0.02 -0.21 0.01 254 34 0.909 4.53  0.672 0.019 5.26 no
HD6348    5107  28 4.51 0.05 0.07 0.38 -0.56 0.02 251 32 0.563 4.45  0.333 0.039 6.18 no
HD6673    4960  59 4.49 0.11 0.58 0.19 -0.26 0.03 254 32 0.700 4.60  0.260 0.027 6.50 no
HD6735    6082  15 4.49 0.02 1.15 0.02 -0.06 0.01 251 34 1.086 4.41  1.431 0.021 4.37 no
HD7134    5940  14 4.41 0.02 1.17 0.02 -0.29 0.01 255 33 0.941 4.33  1.367 0.032 4.44 no
HD7199    5386  45 4.34 0.08 1.01 0.07  0.28 0.03 257 36 0.888 4.41  0.697 0.022 5.29 no
HD7449    6024  13 4.51 0.03 1.11 0.01 -0.11 0.01 250 35 1.053 4.46  1.197 0.026 4.57 no
HD8326    4971  79 4.48 0.15 0.81 0.22  0.02 0.04 256 34 0.716 4.54  0.312 0.032 6.29 no
HD8389A   5283  64 4.37 0.12 1.06 0.12  0.34 0.05 255 36 0.863 4.41  0.617 0.026 5.45 no
HD8406    5726  12 4.50 0.01 0.87 0.02 -0.10 0.01 250 34 0.953 4.51  0.785 0.034 5.08 no
HD8638    5507  26 4.43 0.05 0.74 0.04 -0.38 0.02 260 32 0.744 4.39  0.694 0.043 5.26 no
HD8828    5403  25 4.46 0.03 0.72 0.05 -0.16 0.02 255 34 0.822 4.52  0.524 0.026 5.59 no
HD8859    5502  18 4.41 0.04 0.77 0.03 -0.09 0.01 253 35 0.858 4.49  0.635 0.035 5.36 no
HD8912    5211  42 4.43 0.07 0.70 0.09 -0.07 0.03 256 33 0.885 4.65  0.361 0.038 6.05 no
HD9246    4999  40 4.49 0.08 0.13 0.31 -0.53 0.02 255 32 0.729 4.73  0.212 0.043 6.70 no
HD9782    6023  19 4.42 0.02 1.09 0.02  0.09 0.01 256 34 1.115 4.40  1.460 0.030 4.36 no
HD9796    5179  28 4.38 0.06 0.66 0.07 -0.25 0.02 253 34 0.748 4.56  0.365 0.034 6.05 no
HD10002   5313  44 4.40 0.07 0.82 0.09  0.17 0.03 260 36 0.844 4.46  0.581 0.032 5.51 no
HD10166   5221  31 4.48 0.07 0.74 0.07 -0.39 0.02 251 34 0.886 4.81  0.255 0.052 6.43 no
HD10180   5911  19 4.39 0.03 1.11 0.02  0.08 0.01 261 35 1.058 4.33  1.485 0.021 4.35 no
HD10647   6218  20 4.62 0.04 1.22 0.02  0.00 0.01 245 35 1.202 4.48  1.473 0.010 4.32 yes
HD10700   5310  17 4.44 0.03 0.55 0.04 -0.52 0.01 251 34 0.627 4.40  0.495 0.003 5.68 no
HD11226   6098  14 4.35 0.02 1.28 0.01  0.04 0.01 256 35 1.171 4.26  2.196 0.034 3.90 no
HD11505   5752  10 4.38 0.02 0.99 0.01 -0.22 0.01 250 34 0.893 4.28  1.269 0.035 4.55 no
HD11683   5007  47 4.42 0.11 0.60 0.13 -0.21 0.03 256 33 0.689 4.55  0.301 0.039 6.31 no
HD11964A  5332  22 3.90 0.03 0.99 0.02  0.08 0.02 252 35 0.880 3.79  2.872 0.027 3.76 yes
HD12345   5395  29 4.44 0.04 0.69 0.06 -0.21 0.02 260 32 0.812 4.53  0.500 0.044 5.64 no
HD12387   5700  18 4.39 0.05 0.93 0.03 -0.24 0.01 260 34 0.865 4.28  1.172 0.026 4.65 no
HD12617   4890  91 4.46 0.18 0.75 0.31  0.10 0.07 254 34 0.749 4.61  0.262 0.032 6.53 no
HD13060   5255  45 4.34 0.09 0.82 0.08  0.02 0.03 257 34 0.863 4.58  0.426 0.030 5.86 no
HD13724   5868  27 4.52 0.03 1.02 0.03  0.23 0.02 255 34 1.103 4.47  1.085 0.032 4.70 no
HD13789   4740  71 4.33 0.17 0.79 0.26 -0.06 0.06 253 32 0.000     i 0.232 0.023 6.75 no
HD13808   5087  41 4.40 0.08 0.77 0.09 -0.20 0.03 251 34 0.699 4.50  0.368 0.020 6.08 no
HD14374   5425  24 4.48 0.04 0.81 0.04 -0.04 0.02 252 35 0.860 4.52  0.559 0.038 5.51 no
HD14635   4806  87 4.45 0.20 0.78 0.26 -0.03 0.04 254 33 0.782 4.73  0.190 0.032 6.93 no
HD14680   5011  56 4.46 0.12 0.69 0.15 -0.17 0.03 255 34 0.735 4.61  0.282 0.030 6.38 no
HD14744   4923  51 4.45 0.10 0.44 0.24 -0.13 0.03 255 33 0.629 4.46  0.316 0.049 6.31 no
HD14747   5516  16 4.43 0.02 0.72 0.03 -0.39 0.01 257 33 0.743 4.36  0.734 0.023 5.19 no
HD15337   5179  44 4.39 0.09 0.70 0.10  0.06 0.03 252 36 0.870 4.61  0.379 0.042 6.01 no
HD16141   5806  17 4.19 0.02 1.11 0.01  0.16 0.01 254 34 1.057 4.17  1.988 0.043 4.05 yes
HD16270   4786  92 4.39 0.21 0.84 0.27  0.06 0.04 255 34 0.617 4.53  0.237 0.019 6.70 no
HD16297   5422  22 4.47 0.04 0.80 0.04 -0.01 0.02 249 34 0.844 4.46  0.619 0.037 5.41 no
HD16417   5841  17 4.16 0.02 1.18 0.01  0.13 0.01 259 35 1.211 4.12  2.630 0.014 3.74 no
HD16714   5518  18 4.42 0.03 0.76 0.03 -0.20 0.01 256 34 0.819 4.44  0.674 0.031 5.29 no
HD17051   6227  26 4.53 0.06 1.29 0.03  0.19 0.02 251 35 1.265 4.46  1.622 0.008 4.22 yes
HD17970   5040  48 4.39 0.08 0.29 0.24 -0.45 0.04 261 32 0.480 4.28  0.398 0.020 6.01 no
HD18386   5457  29 4.39 0.05 0.92 0.04  0.14 0.02 258 35 0.998 4.60  0.549 0.040 5.53 no
HD18719   5241  32 4.41 0.06 0.92 0.06 -0.08 0.02 255 33 0.773 4.50  0.457 0.043 5.79 no
HD19034   5477  15 4.40 0.03 0.69 0.03 -0.48 0.01 250 33 0.704 4.38  0.647 0.037 5.34 no
HD19467   5720  10 4.31 0.01 0.96 0.01 -0.14 0.01 251 34 0.906 4.25  1.363 0.025 4.48 no
HD19994   6289  46 4.48 0.05 1.72 0.05  0.24 0.03 246 35 1.369 4.15  3.682 0.015 3.32 yes
HD20003   5494  27 4.41 0.05 0.83 0.04  0.04 0.02 254 36 0.875 4.44  0.722 0.028 5.22 no
HD20407   5866  14 4.50 0.01 1.09 0.02 -0.44 0.01 243 31 0.861 4.41  0.976 0.012 4.82 no
HD20619   5703  13 4.51 0.02 0.92 0.02 -0.22 0.01 250 33 0.892 4.48  0.780 0.021 5.09 no
HD20781   5256  29 4.37 0.05 0.78 0.05 -0.11 0.02 252 34 0.760 4.47  0.491 0.038 5.70 no
HD20782   5774  14 4.37 0.01 1.00 0.01 -0.06 0.01 254 34 0.947 4.32  1.234 0.028 4.58 yes
HD20794   5401  17 4.40 0.03 0.67 0.03 -0.40 0.01 250 33 0.701 4.35  0.656 0.003 5.35 no
HD20807   5866  11 4.52 0.03 1.04 0.01 -0.23 0.01 250 33 0.948 4.46  0.964 0.006 4.83 no
HD21019   5468  13 3.93 0.02 1.05 0.01 -0.45 0.01 251 32 0.819 3.65  4.009 0.027 3.36 no
HD21209A  4671  65 4.31 0.15 0.54 0.31 -0.41 0.04 253 32 0.598 4.60  0.175 0.030 7.10 no
HD21411   5473  18 4.51 0.03 0.81 0.03 -0.26 0.01 251 33 0.791 4.46  0.615 0.027 5.40 no
HD21693   5430  26 4.37 0.04 0.76 0.04  0.00 0.02 255 36 0.853 4.47  0.618 0.020 5.40 no
HD21749   4723 143 4.40 0.33 0.53 0.74 -0.02 0.08 254 32 0.759 4.70  0.185 0.020 7.01 no
HD21938   5778  18 4.38 0.02 0.99 0.03 -0.47 0.01 253 33 0.813 4.31  1.092 0.025 4.71 no
HD22049   5153  42 4.53 0.07 0.90 0.09 -0.11 0.03 253 34 0.855 4.66  0.327 0.002 6.18 yes
HD22610   5043  43 4.44 0.09 0.88 0.10 -0.22 0.03 255 34 0.791 4.65  0.283 0.033 6.38 no
HD22879   5857  27 4.46 0.02 1.23 0.06 -0.83 0.02 222 32 0.738 4.34  1.041 0.018 4.75 no
HD23079   5980  12 4.48 0.02 1.12 0.01 -0.12 0.01 252 35 1.009 4.36  1.378 0.017 4.42 yes
HD23249   5150  51 3.89 0.08 1.01 0.06  0.13 0.04 255 36 0.826 3.66  3.109 0.007 3.74 no
HD23356   5004  60 4.50 0.11 0.87 0.15 -0.17 0.03 256 33 0.719 4.59  0.288 0.011 6.36 no
HD23456   6178  18 4.56 0.03 1.38 0.03 -0.32 0.01 237 34 1.027 4.33  1.737 0.020 4.15 no
HD24331   4965  46 4.51 0.09 0.53 0.14 -0.31 0.02 254 32 0.676 4.58  0.264 0.020 6.48 no
HD24892   5363  15 3.99 0.04 0.88 0.02 -0.32 0.01 256 33 0.771 3.81  2.431 0.027 3.94 no
HD25105   5316  31 4.47 0.06 0.77 0.06 -0.15 0.02 256 33 0.805 4.54  0.461 0.027 5.75 no
HD25120   5134  39 4.47 0.08 0.87 0.07 -0.18 0.02 252 32 0.749 4.56  0.354 0.021 6.10 no
HD25565   5212  52 4.47 0.09 0.80 0.10  0.03 0.03 257 34 0.935 4.67  0.367 0.038 6.03 no
HD25673   5136  37 4.47 0.07 0.56 0.11 -0.50 0.02 257 33 0.767 4.71  0.257 0.055 6.45 no
HD26965A  5153  38 4.39 0.08 0.36 0.13 -0.31 0.03 251 33 0.670 4.45  0.418 0.004 5.92 no
HD27063   5767  14 4.44 0.03 0.94 0.02  0.05 0.01 253 35 1.073 4.56  0.804 0.034 5.04 no
HD27894   4952 105 4.39 0.20 0.78 0.35  0.20 0.08 255 36 0.716 4.50  0.336 0.033 6.22 yes
HD28185   5667  23 4.42 0.04 0.94 0.03  0.21 0.02 254 35 0.983 4.39  1.011 0.037 4.81 yes
HD28471   5745  14 4.37 0.01 0.95 0.02 -0.05 0.01 251 34 0.937 4.36  1.097 0.024 4.71 no
HD28701   5710  12 4.41 0.02 0.95 0.02 -0.32 0.01 253 33 0.840 4.29  1.138 0.023 4.68 no
HD28821   5660  13 4.38 0.01 0.88 0.02 -0.12 0.01 256 35 0.878 4.33  1.054 0.033 4.77 no
HD30278   5394  29 4.39 0.04 0.72 0.05 -0.17 0.02 260 32 0.779 4.43  0.606 0.014 5.44 no
HD30306   5529  26 4.32 0.04 0.89 0.04  0.17 0.02 259 35 0.912 4.33  0.988 0.022 4.87 no
HD31527   5898  13 4.45 0.02 1.09 0.01 -0.17 0.01 257 35 0.962 4.38  1.196 0.027 4.59 no
HD31560   4751  86 4.33 0.19 0.64 0.32 -0.07 0.04 254 33 0.681 4.61  0.209 0.014 6.86 no
HD31822   6042  16 4.57 0.03 1.15 0.02 -0.19 0.01 251 33 1.106 4.56  1.003 0.035 4.76 no
HD32724   5818  13 4.26 0.02 1.14 0.01 -0.17 0.01 255 35 0.958 4.14  1.967 0.033 4.06 no
HD33725   5274  30 4.41 0.05 0.71 0.06 -0.17 0.02 253 32 0.747 4.45  0.501 0.030 5.68 no
HD34449   5848  17 4.50 0.03 0.92 0.02 -0.09 0.01 254 34 1.035 4.55  0.851 0.025 4.97 no
HD34688   5169  39 4.44 0.06 0.70 0.09 -0.20 0.02 255 34 0.801 4.61  0.347 0.047 6.11 no
HD35854   4928  56 4.46 0.11 0.54 0.17 -0.13 0.03 251 34 0.672 4.54  0.281 0.012 6.43 no
HD36003   4647  88 4.31 0.21 0.42 0.55 -0.20 0.06 253 30 0.604 4.59  0.181 0.010 7.08 no
HD36108   5916  12 4.33 0.03 1.21 0.01 -0.21 0.01 254 35 0.983 4.18  1.985 0.025 4.04 no
HD36379   6030  14 4.30 0.02 1.29 0.02 -0.17 0.01 252 35 1.052 4.17  2.326 0.031 3.85 no
HD37962   5718  15 4.48 0.04 0.84 0.02 -0.20 0.01 253 33 0.894 4.45  0.837 0.022 5.01 no
HD37986   5507  38 4.29 0.06 0.92 0.05  0.26 0.03 253 36 0.935 4.43  0.771 0.022 5.14 no
HD38277   5871  10 4.34 0.02 1.10 0.01 -0.07 0.01 258 34 1.006 4.21  1.824 0.026 4.14 no
HD38382   6082  19 4.45 0.02 1.18 0.02  0.03 0.01 256 35 1.125 4.40  1.521 0.016 4.30 no
HD38858   5733  12 4.51 0.01 0.94 0.02 -0.22 0.01 251 33 0.897 4.46  0.835 0.016 5.01 no
HD38973   6016  17 4.42 0.02 1.14 0.02  0.05 0.01 257 35 1.092 4.37  1.494 0.013 4.33 no
HD39091   6003  17 4.42 0.03 1.12 0.02  0.09 0.01 254 34 1.097 4.38  1.473 0.007 4.35 yes
HD39194   5205  23 4.53 0.05 0.37 0.09 -0.61 0.02 251 31 0.587 4.47  0.363 0.017 6.05 no
HD40105   5137  36 3.85 0.05 0.97 0.05  0.06 0.02 249 34 0.810 3.68  2.905 0.017 3.82 no
HD40307   4977  59 4.47 0.16 0.53 0.20 -0.31 0.03 253 33 0.767 4.71  0.228 0.006 6.63 no
HD40397   5527  20 4.39 0.04 0.83 0.03 -0.13 0.01 257 34 0.830 4.40  0.755 0.019 5.16 no
HD44120   6052  15 4.25 0.02 1.31 0.01  0.12 0.01 254 35 1.241 4.16  2.822 0.016 3.64 no
HD44420   5818  22 4.37 0.03 1.06 0.03  0.29 0.02 257 34 1.069 4.37  1.244 0.033 4.56 no
HD44447   5999  14 4.37 0.02 1.26 0.02 -0.22 0.01 248 34 1.002 4.26  1.783 0.014 4.14 no
HD44573   5071  56 4.48 0.10 0.80 0.13 -0.07 0.03 252 34 0.814 4.63  0.315 0.027 6.26 no
HD44594   5840  14 4.38 0.02 1.06 0.01  0.15 0.01 249 34 1.042 4.38  1.240 0.012 4.56 no
HD45184   5869  14 4.47 0.02 1.03 0.01  0.04 0.01 253 34 1.031 4.43  1.133 0.012 4.65 no
HD45289   5717  18 4.32 0.01 0.99 0.02 -0.02 0.01 255 34 0.948 4.25  1.411 0.013 4.44 no
HD45364   5434  20 4.38 0.03 0.71 0.03 -0.17 0.01 254 34 0.819 4.50  0.557 0.023 5.51 no
HD47186   5675  21 4.36 0.04 0.93 0.02  0.23 0.02 252 34 0.990 4.36  1.080 0.029 4.74 no
HD48611   5337  23 4.51 0.04 0.69 0.05 -0.36 0.02 256 33 0.734 4.51  0.454 0.084 5.77 no
HD50590   4870  67 4.39 0.14 0.35 0.28 -0.22 0.04 251 33 0.633 4.50  0.275 0.038 6.49 no
HD50806   5633  15 4.11 0.03 1.03 0.01  0.03 0.01 251 35 0.961 4.04  2.169 0.014 3.99 no
HD51608   5358  22 4.36 0.05 0.73 0.04 -0.07 0.01 249 34 0.798 4.45  0.572 0.019 5.51 no
HD52265   6136  31 4.36 0.03 1.32 0.03  0.21 0.02 255 35 1.204 4.34  1.912 0.020 4.05 yes
HD52919   4698  91 4.37 0.20 0.67 0.34 -0.17 0.04 258 33 0.675 4.64  0.186 0.018 7.02 no
HD55693   5914  26 4.43 0.04 1.07 0.03  0.29 0.02 251 35 1.117 4.34  1.515 0.025 4.33 no
HD59468   5618  20 4.39 0.03 0.88 0.02  0.03 0.01 256 35 0.913 4.40  0.894 0.010 4.96 no
HD59711A  5722  13 4.46 0.02 0.86 0.02 -0.12 0.01 255 33 0.907 4.42  0.912 0.030 4.92 no
HD63454   4840  66 4.30 0.16 0.81 0.14  0.06 0.03 227 27 0.661 4.55  0.253 0.027 6.60 yes
HD63765   5432  19 4.42 0.03 0.82 0.03 -0.16 0.01 249 32 0.828 4.51  0.549 0.020 5.53 no
HD65216   5612  16 4.44 0.02 0.78 0.03 -0.17 0.01 256 34 0.874 4.48  0.707 0.021 5.21 yes
HD65277   4802  88 4.43 0.18 0.55 0.34 -0.31 0.04 257 32 0.492 4.49  0.207 0.022 6.84 no
HD65562   5076  47 4.39 0.09 0.45 0.18 -0.10 0.03 252 34 0.719 4.51  0.367 0.033 6.09 no
HD65907A  5945  16 4.52 0.02 1.05 0.02 -0.31 0.01 256 34 0.933 4.37  1.241 0.007 4.54 no
HD66221   5635  25 4.40 0.04 0.92 0.03  0.17 0.02 260 35 0.961 4.40  0.948 0.039 4.89 no
HD66428   5705  27 4.31 0.06 0.96 0.03  0.25 0.02 258 35 1.011 4.31  1.284 0.059 4.55 yes
HD67458   5891  12 4.53 0.02 1.04 0.01 -0.16 0.01 256 35 0.978 4.45  1.024 0.017 4.76 no
HD68607   5215  45 4.41 0.08 0.82 0.08  0.07 0.03 251 35 0.814 4.52  0.448 0.035 5.82 no
HD68978A  5965  22 4.48 0.02 1.09 0.02  0.04 0.02 260 34 1.079 4.43  1.242 0.015 4.54 no
HD69655   5961  12 4.44 0.03 1.15 0.01 -0.18 0.01 249 34 0.982 4.36  1.329 0.012 4.47 no
HD69830   5402  28 4.40 0.04 0.80 0.04 -0.06 0.02 255 36 0.821 4.46  0.596 0.008 5.45 yes
HD70642   5668  22 4.40 0.04 0.82 0.03  0.18 0.01 253 36 0.978 4.42  0.955 0.015 4.88 yes
HD70889   6051  15 4.49 0.02 1.13 0.02  0.11 0.01 255 33 1.189 4.51  1.229 0.022 4.54 no
HD71334   5694  13 4.37 0.03 0.95 0.02 -0.09 0.01 255 35 0.901 4.39  0.962 0.029 4.86 no
HD71479   6026  18 4.42 0.02 1.19 0.02  0.24 0.01 256 34 1.181 4.30  1.915 0.037 4.06 no
HD71835   5438  22 4.39 0.04 0.79 0.03 -0.04 0.02 252 34 0.839 4.46  0.629 0.029 5.38 no
HD72579   5449  30 4.27 0.04 0.84 0.04  0.20 0.02 255 35 0.885 4.35  0.857 0.025 5.04 no
HD72673   5243  22 4.46 0.04 0.60 0.06 -0.41 0.01 249 33 0.696 4.52  0.392 0.007 5.95 no
HD72769   5640  27 4.35 0.04 0.98 0.03  0.30 0.02 254 35 0.994 4.35  1.066 0.023 4.76 no
HD73121   6091  16 4.30 0.03 1.34 0.01  0.09 0.01 247 34 1.234 4.18  2.803 0.018 3.64 no
HD73256   5526  30 4.42 0.06 1.11 0.04  0.23 0.02 257 34 0.968 4.51  0.686 0.024 5.27 yes
HD73524   6017  13 4.43 0.03 1.14 0.01  0.16 0.01 255 35 1.137 4.39  1.489 0.014 4.34 no
HD74014   5561  27 4.33 0.04 0.90 0.03  0.22 0.02 256 34 0.938 4.39  0.901 0.028 4.96 no
HD75289   6161  21 4.37 0.03 1.29 0.02  0.30 0.01 254 35 1.238 4.35  1.919 0.014 4.04 yes
HD76151   5788  23 4.48 0.02 0.96 0.03  0.12 0.02 256 35 1.037 4.48  0.961 0.013 4.85 no
HD78429   5760  19 4.33 0.02 1.01 0.02  0.09 0.01 255 34 0.996 4.28  1.408 0.022 4.44 no
HD78538   5786  13 4.50 0.03 0.98 0.02 -0.03 0.01 247 34 1.022 4.52  0.849 0.041 4.98 no
HD78558   5711  18 4.36 0.02 0.99 0.02 -0.44 0.01 254 32 0.814 4.19  1.379 0.029 4.47 no
HD78612   5834  14 4.27 0.02 1.14 0.02 -0.24 0.01 253 34 0.946 4.14  1.970 0.040 4.06 no
HD78747   5778  18 4.46 0.02 1.03 0.03 -0.67 0.01 240 34 0.756 4.29  1.078 0.023 4.72 no
HD80883   5233  35 4.44 0.06 0.80 0.07 -0.25 0.03 260 34 0.734 4.50  0.430 0.024 5.86 no
HD81639   5522  20 4.40 0.03 0.79 0.03 -0.17 0.02 251 34 0.829 4.45  0.680 0.029 5.28 no
HD82342   4820  61 4.41 0.14 0.30 0.35 -0.54 0.03 253 31 0.616 4.62  0.198 0.015 6.88 no
HD82516   5104  60 4.46 0.11 0.71 0.16  0.01 0.04 254 35 0.738 4.48  0.415 0.024 5.94 no
HD82943   5989  20 4.43 0.02 1.10 0.02  0.26 0.01 259 33 1.150 4.39  1.479 0.020 4.35 yes
HD83443   5511  45 4.43 0.08 0.93 0.07  0.34 0.03 255 35 0.949 4.39  0.851 0.034 5.04 yes
HD83529   5902  12 4.35 0.01 1.11 0.01 -0.22 0.01 254 33 0.958 4.27  1.553 0.020 4.31 no
HD85119   5425  25 4.52 0.03 0.93 0.04 -0.20 0.02 255 33 0.982 4.70  0.416 0.039 5.84 no
HD85390   5186  54 4.41 0.09 0.75 0.11 -0.07 0.03 254 33 0.758 4.50  0.425 0.025 5.89 no
HD85512   4715 102 4.39 0.28 0.23 0.86 -0.32 0.03 237 21 0.742 4.86  0.126 0.008 7.43 no
HD86065   5026  60 4.50 0.12 0.91 0.14 -0.06 0.03 256 34 0.838 4.70  0.263 0.041 6.47 no
HD86140   4903  59 4.55 0.10 0.31 0.30 -0.25 0.04 254 31 0.759 4.68  0.225 0.027 6.69 no
HD86171   5400  20 4.47 0.03 0.81 0.03 -0.25 0.01 249 33 0.828 4.57  0.474 0.035 5.70 no
HD87521   4854  74 4.37 0.15 0.76 0.21 -0.04 0.05 256 34 0.708 4.60  0.241 0.035 6.64 no
HD88084   5766  11 4.42 0.02 0.96 0.01 -0.10 0.01 253 34 0.930 4.40  1.021 0.025 4.78 no
HD88218   5878  14 4.16 0.02 1.23 0.01 -0.14 0.01 254 35 1.022 4.05  2.717 0.017 3.70 no
HD88656   5150  34 4.44 0.06 0.81 0.07 -0.11 0.02 255 34 0.731 4.48  0.422 0.041 5.91 no
HD88742   5981  13 4.52 0.02 1.07 0.01 -0.02 0.01 253 33 1.076 4.46  1.176 0.014 4.60 no
HD89454   5728  17 4.47 0.03 0.96 0.02  0.12 0.01 257 34 1.033 4.51  0.853 0.035 4.99 no
HD90156   5599  12 4.48 0.02 0.86 0.02 -0.24 0.01 252 33 0.841 4.45  0.719 0.014 5.20 no
HD90711   5444  39 4.40 0.06 0.92 0.06  0.24 0.03 254 34 0.928 4.49  0.644 0.026 5.36 no
HD90812   5164  35 4.48 0.05 0.64 0.08 -0.36 0.02 254 33 0.767 4.64  0.311 0.030 6.23 no
HD92588   5199  26 3.79 0.06 1.01 0.03  0.04 0.02 253 35 0.840 3.63  3.579 0.025 3.57 no
HD92719   5824  16 4.51 0.03 0.96 0.02 -0.10 0.01 259 33 0.992 4.51  0.874 0.017 4.94 no
HD92788   5744  24 4.39 0.04 0.95 0.03  0.27 0.02 255 35 1.032 4.41  1.046 0.028 4.76 yes
HD93083   5105  68 4.43 0.11 0.94 0.14  0.09 0.04 255 35 0.767 4.51  0.395 0.025 6.00 yes
HD93380   4649 105 4.35 0.35 0.21 1.04 -0.72 0.03 220 12 0.652 4.93  0.090 0.022 7.84 no
HD93385   5977  18 4.42 0.02 1.14 0.02  0.02 0.01 254 35 1.067 4.36  1.480 0.032 4.35 no
HD94151   5583  19 4.38 0.02 0.83 0.03  0.04 0.01 256 33 0.899 4.39  0.883 0.033 4.98 no
HD95456   6276  22 4.35 0.04 1.40 0.02  0.16 0.02 258 35 1.285 4.23  2.882 0.020 3.59 no
HD95521   5773  18 4.49 0.02 0.96 0.02 -0.15 0.01 256 35 0.946 4.49  0.844 0.022 4.99 no
HD96423   5711  18 4.35 0.02 0.98 0.02  0.10 0.01 257 35 0.971 4.36  1.112 0.023 4.70 no
HD96700   5845  13 4.39 0.02 1.04 0.01 -0.18 0.01 252 35 0.943 4.28  1.414 0.020 4.42 no
HD97037   5883  14 4.34 0.02 1.13 0.01 -0.07 0.01 257 35 1.000 4.25  1.660 0.022 4.24 no
HD97343   5410  20 4.39 0.03 0.82 0.03 -0.06 0.01 252 34 0.813 4.43  0.638 0.016 5.37 no
HD97998   5716  21 4.57 0.02 0.85 0.04 -0.42 0.01 261 33 0.827 4.48  0.729 0.022 5.16 no
HD98281   5381  23 4.42 0.04 0.64 0.04 -0.26 0.02 253 33 0.769 4.48  0.533 0.019 5.58 no
HD98356   5322  35 4.41 0.06 0.84 0.06  0.10 0.03 255 35 0.852 4.50  0.532 0.046 5.60 no
HD100508  5449  61 4.42 0.09 0.86 0.09  0.39 0.05 259 35 0.939 4.40  0.774 0.020 5.16 no
HD100777  5536  26 4.33 0.05 0.81 0.04  0.25 0.02 255 35 0.937 4.31  1.045 0.052 4.81 yes
HD101581  4738  57 4.46 0.15 0.66 0.25 -0.52 0.03 255 30 0.682 4.77  0.143 0.010 7.28 yes
HD101930  5164  61 4.40 0.11 0.91 0.12  0.13 0.04 253 36 0.779 4.47  0.468 0.025 5.79 yes
HD102117  5657  24 4.31 0.04 0.99 0.03  0.28 0.02 255 34 1.014 4.21  1.548 0.030 4.35 yes
HD102365  5629  29 4.44 0.03 0.91 0.04 -0.29 0.02 254 32 0.821 4.40  0.811 0.006 5.06 no
HD102438  5560  13 4.41 0.03 0.84 0.02 -0.29 0.01 257 33 0.802 4.43  0.704 0.012 5.23 no
HD103949  4881  91 4.48 0.18 0.49 0.42 -0.07 0.05 255 33 0.763 4.65  0.242 0.024 6.62 no
HD104006  5023  37 4.56 0.05 0.15 0.33 -0.78 0.02 227 25 0.472 4.44  0.283 0.029 6.39 no
HD104067  4969  72 4.47 0.13 0.98 0.20 -0.06 0.05 253 33 0.704 4.55  0.302 0.019 6.33 no
HD104263  5477  23 4.34 0.04 0.81 0.03  0.02 0.02 254 35 0.851 4.36  0.829 0.041 5.07 no
HD104982  5692  14 4.44 0.02 0.91 0.02 -0.19 0.01 253 34 0.882 4.43  0.852 0.029 4.99 no
HD105671  4748 103 4.42 0.23 0.90 0.34 -0.02 0.07 255 33 0.763 4.69  0.194 0.017 6.94 no
HD105837  5907  17 4.54 0.03 1.14 0.03 -0.51 0.01 239 32 0.850 4.35  1.141 0.028 4.64 no
HD106116  5680  15 4.39 0.03 0.91 0.02  0.14 0.01 253 34 0.968 4.38  1.042 0.027 4.78 no
HD106275  5059  45 4.47 0.09 0.67 0.12 -0.09 0.03 254 34 0.718 4.51  0.357 0.023 6.12 no
HD107148  5805  25 4.40 0.02 0.93 0.03  0.31 0.02 255 33 1.072 4.33  1.366 0.045 4.46 yes
HD108147  6260  29 4.47 0.03 1.30 0.03  0.18 0.02 246 35 1.262 4.41  1.871 0.023 4.06 yes
HD108309  5775  14 4.23 0.03 1.08 0.01  0.12 0.01 252 35 1.030 4.18  1.880 0.017 4.12 no
HD109200  5134  38 4.51 0.06 0.68 0.10 -0.31 0.02 257 33 0.698 4.52  0.360 0.009 6.09 no
HD109409  5886  26 4.16 0.03 1.24 0.02  0.33 0.02 258 35 1.283 4.05  3.284 0.019 3.50 no
HD109423  5074  47 4.44 0.07 0.87 0.10 -0.07 0.03 257 33 0.846 4.68  0.291 0.032 6.34 no
HD110619  5613  15 4.51 0.02 0.83 0.03 -0.41 0.01 255 33 0.819 4.54  0.581 0.023 5.43 no
HD111031  5801  22 4.39 0.03 1.05 0.02  0.27 0.02 258 35 1.061 4.32  1.383 0.025 4.45 no
HD111232  5460  21 4.43 0.03 0.62 0.04 -0.43 0.02 257 33 0.712 4.36  0.683 0.020 5.29 yes
HD112540  5523  22 4.52 0.03 0.74 0.04 -0.17 0.02 260 33 0.848 4.49  0.627 0.022 5.36 no
HD114386  4910 106 4.39 0.21 0.19 0.61 -0.07 0.07 239 27 0.697 4.57  0.269 0.032 6.49 yes
HD114613  5729  17 3.97 0.02 1.18 0.02  0.19 0.01 254 35 1.364 3.95  4.057 0.014 3.29 no
HD114729  5844  12 4.19 0.02 1.23 0.01 -0.28 0.01 252 35 0.945 4.10  2.156 0.029 3.96 yes
HD114747  5172  57 4.44 0.11 0.98 0.12  0.21 0.04 251 36 0.845 4.54  0.423 0.026 5.90 no
HD114783  5133  54 4.42 0.10 0.88 0.12  0.03 0.04 259 35 0.788 4.54  0.386 0.019 6.01 yes
HD114853  5705  14 4.44 0.02 0.92 0.02 -0.23 0.01 255 33 0.879 4.43  0.856 0.018 4.99 no
HD115585  5711  29 4.27 0.05 1.14 0.03  0.35 0.02 256 34 1.059 4.20  1.697 0.026 4.24 no
HD115617  5558  19 4.36 0.03 0.81 0.03 -0.02 0.01 253 35 0.876 4.41  0.804 0.005 5.09 no
HD115674  5649  20 4.48 0.03 0.85 0.03 -0.17 0.01 257 35 0.899 4.51  0.700 0.019 5.22 no
HD116858  4990  60 4.52 0.10 0.77 0.15 -0.21 0.03 254 33 0.687 4.56  0.290 0.035 6.36 no
HD116920  5015  45 4.46 0.08 0.68 0.14 -0.23 0.04 252 33 0.729 4.61  0.281 0.027 6.40 no
HD117105  5889  14 4.41 0.02 1.13 0.02 -0.29 0.01 252 35 0.922 4.30  1.379 0.031 4.44 no
HD117207  5667  21 4.32 0.04 1.01 0.02  0.22 0.02 253 35 0.984 4.33  1.158 0.026 4.67 yes
HD117618  5990  13 4.41 0.02 1.13 0.01  0.03 0.01 254 33 1.077 4.33  1.587 0.031 4.27 yes
HD119638  6069  16 4.42 0.03 1.22 0.02 -0.15 0.01 257 35 1.042 4.38  1.463 0.023 4.35 no
HD119782  5160  34 4.44 0.06 0.79 0.07 -0.07 0.02 249 34 0.738 4.47  0.440 0.034 5.86 no
HD121504  6022  11 4.49 0.03 1.12 0.01  0.14 0.01 246 35 1.130 4.38  1.531 0.035 4.30 yes
HD122862  5982  13 4.23 0.02 1.29 0.01 -0.12 0.01 252 35 1.065 4.11  2.606 0.014 3.73 no
HD123265  5338  44 4.29 0.07 0.85 0.08  0.19 0.03 254 35 0.854 4.44  0.614 0.039 5.44 no
HD124106  5106  39 4.49 0.08 0.80 0.09 -0.17 0.03 256 33 0.727 4.54  0.354 0.028 6.11 no
HD124292  5443  22 4.37 0.04 0.77 0.03 -0.13 0.02 252 36 0.799 4.41  0.671 0.020 5.31 no
HD124364  5584  14 4.48 0.02 0.83 0.02 -0.27 0.01 253 33 0.885 4.56  0.580 0.035 5.44 no
HD125072  5007 103 4.56 0.20 1.04 0.28  0.18 0.07 253 36 0.824 4.62  0.305 0.008 6.29 no
HD125184  5680  30 4.10 0.05 1.13 0.03  0.27 0.03 255 35 1.047 4.05  2.364 0.029 3.89 no
HD125455  5162  41 4.52 0.07 0.70 0.10 -0.18 0.02 256 34 0.731 4.52  0.389 0.020 5.99 no
HD125881  6036  17 4.49 0.03 1.10 0.02  0.06 0.01 257 35 1.126 4.44  1.334 0.027 4.45 no
HD126525  5638  13 4.37 0.02 0.90 0.01 -0.10 0.01 252 35 0.877 4.39  0.899 0.031 4.95 no
HD128674  5551  15 4.50 0.04 0.71 0.02 -0.38 0.01 253 31 0.759 4.39  0.727 0.023 5.20 no
HD129642  5026  76 4.49 0.15 0.69 0.25 -0.06 0.04 257 33 0.703 4.48  0.363 0.029 6.12 no
HD130322  5365  29 4.37 0.05 0.90 0.04 -0.02 0.02 254 35 0.876 4.56  0.491 0.039 5.67 yes
HD130930  5027  61 4.45 0.12 0.50 0.23  0.01 0.03 252 33 0.703 4.45  0.397 0.044 6.02 no
HD130992  4898  75 4.54 0.15 0.71 0.24 -0.13 0.06 256 34 0.777 4.68  0.231 0.015 6.66 no
HD132648  5418  16 4.49 0.03 0.69 0.04 -0.37 0.01 254 34 0.741 4.47  0.531 0.023 5.57 no
HD134060  5966  14 4.43 0.03 1.10 0.01  0.14 0.01 253 35 1.095 4.38  1.444 0.016 4.38 no
HD134606  5633  28 4.38 0.05 1.00 0.03  0.27 0.02 254 36 0.983 4.33  1.120 0.017 4.71 no
HD134664  5865  19 4.52 0.02 0.99 0.02  0.10 0.01 253 35 1.084 4.50  1.013 0.039 4.78 no
HD134985  5090  89 4.44 0.11 0.10 0.21 -0.60 0.05 195 20 0.524 4.43  0.325 0.052 6.21 no
HD134987  5740  23 4.30 0.04 1.08 0.02  0.25 0.02 256 35 1.030 4.28  1.429 0.022 4.42 yes
HD136352  5664  14 4.39 0.02 0.90 0.02 -0.34 0.01 253 32 0.810 4.32  0.993 0.010 4.83 no
HD136713  4994  74 4.45 0.14 0.94 0.20  0.07 0.05 258 35 0.740 4.56  0.313 0.027 6.28 no
HD136894  5412  22 4.36 0.03 0.75 0.04 -0.10 0.02 257 34 0.791 4.37  0.708 0.030 5.26 no
HD137303  4756  63 4.51 0.15 0.40 0.36 -0.35 0.04 256 30 0.511 4.50  0.205 0.033 6.88 no
HD137388  5240  53 4.42 0.11 0.93 0.10  0.18 0.03 255 35 0.863 4.54  0.458 0.063 5.79 no
HD138549  5582  19 4.44 0.03 0.87 0.03  0.00 0.01 254 35 0.999 4.59  0.622 0.031 5.36 no
HD140901  5610  21 4.46 0.03 0.90 0.02  0.09 0.01 255 35 0.948 4.47  0.790 0.010 5.09 no
HD141937  5893  18 4.45 0.03 1.00 0.02  0.13 0.01 253 35 1.073 4.44  1.157 0.031 4.63 yes
HD142022A 5508  32 4.35 0.05 0.83 0.04  0.19 0.03 255 34 0.907 4.34  0.942 0.021 4.93 yes
HD142709  4728  65 4.44 0.18 0.84 0.22 -0.35 0.03 252 30 0.720 4.77  0.151 0.013 7.23 no
HD143114  5775  18 4.39 0.02 0.92 0.03 -0.41 0.01 254 35 0.836 4.26  1.262 0.029 4.55 no
HD143295  4987  55 4.43 0.10 0.89 0.14 -0.03 0.04 254 32 0.814 4.66  0.269 0.039 6.44 no
HD144411  4852  48 4.39 0.10 0.05 0.71 -0.32 0.02 194 16 0.735 4.71  0.195 0.052 6.87 no
HD144497  5022  58 4.50 0.11 0.82 0.15 -0.12 0.04 256 34 0.722 4.56  0.312 0.045 6.28 no
HD144585  5914  22 4.35 0.02 1.15 0.02  0.33 0.02 257 34 1.204 4.24  2.027 0.025 4.02 no
HD144628  5085  34 4.51 0.06 0.55 0.10 -0.41 0.02 254 32 0.686 4.59  0.294 0.011 6.32 no
HD145598  5417  21 4.48 0.03 0.59 0.06 -0.78 0.02 249 31 0.622 4.48  0.460 0.045 5.73 no
HD145666  5958  12 4.53 0.01 1.04 0.01 -0.04 0.01 251 35 1.085 4.50  1.060 0.035 4.71 no
HD145809  5778  15 4.15 0.02 1.14 0.02 -0.25 0.01 255 34 0.950 3.98  2.717 0.029 3.72 no
HD146233  5818  13 4.45 0.02 1.00 0.01  0.04 0.01 252 35 1.013 4.44  1.040 0.011 4.76 no
HD147512  5530  15 4.40 0.02 0.81 0.02 -0.08 0.01 252 35 0.844 4.40  0.774 0.025 5.13 no
HD147513  5858  18 4.50 0.03 1.03 0.02  0.03 0.01 252 34 1.064 4.50  0.972 0.010 4.82 yes
HD148303  4958  91 4.55 0.17 0.84 0.25 -0.03 0.06 256 33 0.713 4.56  0.293 0.031 6.37 no
HD150433  5665  12 4.43 0.02 0.88 0.02 -0.36 0.01 255 33 0.803 4.32  0.972 0.025 4.86 no
HD151504  5457  31 4.36 0.04 0.87 0.05  0.06 0.02 258 34 0.854 4.37  0.805 0.038 5.11 no
HD153851  5052  39 4.50 0.06 0.91 0.09 -0.25 0.03 250 33 0.697 4.54  0.323 0.049 6.23 no
HD154088  5374  43 4.37 0.07 0.85 0.07  0.28 0.03 253 34 0.883 4.41  0.687 0.014 5.30 no
HD154363  4723  89 4.41 0.24 0.52 0.31 -0.62 0.04 254 28 0.676 4.87  0.113 0.010 7.54 no
HD154577  4900  37 4.52 0.08 0.42 0.19 -0.70 0.02 256 31 0.664 4.63  0.223 0.011 6.70 no
HD154962  5827  27 4.17 0.03 1.22 0.02  0.32 0.02 257 35 1.275 4.07  2.994 0.027 3.61 no
HD157172  5451  27 4.39 0.05 0.77 0.04  0.11 0.02 252 35 0.870 4.41  0.731 0.035 5.22 no
HD157338  6027  13 4.44 0.02 1.17 0.01 -0.08 0.01 249 33 1.047 4.36  1.483 0.026 4.34 no
HD157347  5676  16 4.38 0.03 0.91 0.02  0.02 0.01 255 35 0.933 4.38  0.991 0.014 4.83 no
HD157830  5540  16 4.49 0.02 0.76 0.03 -0.25 0.01 255 32 0.844 4.52  0.600 0.034 5.41 no
HD159868  5558  15 3.96 0.02 1.02 0.01 -0.08 0.01 255 36 0.919 3.85  3.074 0.049 3.63 yes
HD160691  5780  25 4.27 0.04 1.09 0.02  0.30 0.02 256 35 1.075 4.22  1.745 0.011 4.20 yes
HD161098  5560  15 4.46 0.02 0.79 0.02 -0.27 0.01 255 33 0.820 4.46  0.669 0.028 5.29 no
HD161612  5616  22 4.45 0.04 0.88 0.03  0.16 0.02 257 36 0.966 4.46  0.820 0.027 5.05 no
HD162020  4861  77 4.48 0.16 0.79 0.20 -0.10 0.05 257 34 0.694 4.59  0.244 0.040 6.63 yes
HD162236  5343  25 4.43 0.04 0.82 0.04 -0.12 0.02 254 34 0.828 4.55  0.473 0.049 5.72 no
HD162396  6090  19 4.27 0.02 1.43 0.03 -0.35 0.01 244 32 1.029 4.09  2.866 0.026 3.62 no
HD165920  5339  55 4.39 0.08 0.79 0.10  0.29 0.04 257 35 0.875 4.42  0.644 0.031 5.39 no
HD166724  5127  52 4.43 0.08 0.79 0.11 -0.09 0.03 257 34 0.826 4.62  0.336 0.055 6.16 no
HD167359  5348  30 4.46 0.05 0.67 0.06 -0.19 0.02 258 33 0.800 4.53  0.478 0.038 5.71 no
HD168159  4783  54 4.42 0.14 0.99 0.18 -0.15 0.04 256 33 0.749 4.69  0.196 0.036 6.91 no
HD168746  5568  17 4.33 0.03 0.81 0.02 -0.10 0.01 254 35 0.852 4.28  1.067 0.036 4.78 yes
HD168871  5983  13 4.42 0.02 1.17 0.02 -0.09 0.01 252 34 1.033 4.29  1.696 0.020 4.20 no
HD169830  6361  25 4.21 0.03 1.56 0.02  0.18 0.02 257 35 1.420 4.11  4.490 0.029 3.10 yes
HD170493  4751 108 4.24 0.25 0.59 0.54  0.14 0.11 219 28 0.645 4.51  0.248 0.017 6.67 no
HD171665  5655  12 4.41 0.01 0.89 0.01 -0.05 0.01 254 34 0.912 4.44  0.828 0.026 5.03 no
HD171990  6045  15 4.14 0.02 1.40 0.01  0.06 0.01 252 35 1.347 4.03  4.158 0.021 3.22 no
HD172513  5500  18 4.41 0.03 0.79 0.02 -0.05 0.01 251 35 0.870 4.49  0.644 0.037 5.34 no
HD174545  5216  57 4.40 0.11 0.88 0.13  0.22 0.04 254 35 0.798 4.37  0.621 0.036 5.46 no
HD176157  5181  42 4.41 0.07 0.92 0.08 -0.16 0.03 255 34 0.750 4.53  0.392 0.029 5.98 no
HD176986  5018  59 4.45 0.11 0.82 0.14  0.00 0.03 255 35 0.733 4.54  0.331 0.027 6.22 no
HD177409  5898  10 4.49 0.02 0.99 0.01 -0.04 0.01 254 35 1.057 4.51  0.986 0.027 4.80 no
HD177565  5627  19 4.39 0.03 0.91 0.02  0.08 0.01 255 35 0.936 4.42  0.878 0.014 4.98 no
HD177758  5862  23 4.41 0.02 1.11 0.04 -0.58 0.02 241 33 0.830 4.19  1.562 0.028 4.31 no
HD179949  6287  28 4.54 0.04 1.36 0.03  0.21 0.02 248 34 1.285 4.43  1.815 0.019 4.09 yes
HD180409  6013  18 4.52 0.02 1.16 0.02 -0.17 0.01 255 35 1.032 4.47  1.132 0.021 4.63 no
HD181433  4962 134 4.37 0.26 0.65 0.60  0.33 0.13 239 34 0.781 4.56  0.308 0.026 6.31 no
HD183658  5803  17 4.40 0.02 1.00 0.02  0.03 0.01 257 35 0.990 4.36  1.208 0.030 4.60 no
HD183783  4595  73 4.29 0.20 0.05 1.38 -0.20 0.07 209 15 0.000     i 0.207 0.027 6.97 no
HD183870  5029  47 4.49 0.09 0.78 0.12 -0.07 0.03 254 34 0.731 4.56  0.321 0.014 6.25 no
HD185615  5570  20 4.34 0.03 0.84 0.03  0.08 0.02 255 35 0.907 4.40  0.853 0.041 5.02 no
HD186061  5016  68 4.51 0.13 0.62 0.21 -0.02 0.04 252 34 0.818 4.64  0.293 0.031 6.36 no
HD187456  4832  42 4.33 0.10 0.56 0.17  0.02 0.02 217 30 0.642 4.51  0.264 0.020 6.56 no
HD188559  4786 100 4.33 0.20 0.65 0.31 -0.11 0.04 257 34 0.372 4.33  0.226 0.023 6.75 no
HD188748  5623  17 4.43 0.03 0.83 0.02 -0.12 0.01 258 35 0.908 4.52  0.685 0.034 5.25 no
HD189242  4913  46 4.46 0.08 0.56 0.14 -0.38 0.02 254 33 0.551 4.44  0.287 0.046 6.42 no
HD189567  5726  15 4.41 0.01 0.95 0.02 -0.24 0.01 259 33 0.872 4.37  0.987 0.011 4.83 no
HD189625  5846  22 4.43 0.03 1.03 0.02  0.18 0.02 257 35 1.065 4.44  1.123 0.028 4.67 no
HD190248  5604  38 4.26 0.06 0.99 0.05  0.33 0.03 259 35 0.993 4.28  1.223 0.003 4.62 no
HD190647  5639  24 4.18 0.04 0.99 0.02  0.23 0.02 252 35 1.009 4.11  1.946 0.052 4.11 yes
HD190954  5430  24 4.46 0.03 0.63 0.05 -0.41 0.02 254 32 0.716 4.42  0.592 0.040 5.45 no
HD191847  5066  42 4.45 0.08 0.48 0.16 -0.12 0.03 254 32 0.816 4.65  0.298 0.061 6.32 no
HD192031  5215  16 4.39 0.05 0.04 0.49 -0.84 0.01 232 32 0.441 4.31  0.434 0.038 5.85 no
HD192117  5479  35 4.48 0.06 0.75 0.06 -0.04 0.03 254 35 0.894 4.54  0.577 0.032 5.47 no
HD192310  5166  49 4.51 0.09 0.97 0.11 -0.04 0.03 256 33 0.799 4.56  0.385 0.007 6.00 no
HD192961  4624  73 4.31 0.19 0.58 0.34 -0.35 0.04 253 31 0.683 4.78  0.130 0.020 7.46 no
HD193193  5979  13 4.40 0.02 1.15 0.01 -0.05 0.01 253 35 1.062 4.22  2.009 0.036 4.02 no
HD193844  5007  40 4.44 0.08 0.48 0.14 -0.30 0.02 253 32 0.707 4.61  0.268 0.049 6.44 no
HD195302  5063  50 4.44 0.11 0.64 0.15  0.02 0.03 256 35 0.797 4.59  0.334 0.055 6.19 no
HD195564  5676  16 4.03 0.02 1.11 0.01  0.06 0.01 253 34 0.999 3.97  2.720 0.018 3.74 no
HD196050  5917  23 4.32 0.02 1.21 0.02  0.23 0.02 255 35 1.150 4.28  1.801 0.037 4.14 yes
HD196761  5415  16 4.43 0.03 0.76 0.03 -0.31 0.01 247 33 0.759 4.47  0.552 0.010 5.53 no
HD196800  6010  19 4.37 0.03 1.17 0.02  0.19 0.01 257 35 1.166 4.29  1.924 0.033 4.06 no
HD197210  5577  20 4.42 0.04 0.86 0.02 -0.03 0.01 251 35 0.901 4.48  0.713 0.031 5.21 no
HD197823  5396  32 4.41 0.06 0.82 0.05  0.12 0.02 256 35 0.850 4.41  0.700 0.038 5.28 no
HD198075  5846  18 4.56 0.02 0.95 0.03 -0.24 0.01 258 34 1.036 4.61  0.734 0.042 5.13 no
HD199190  5926  17 4.26 0.02 1.14 0.02  0.15 0.01 255 35 1.160 4.24  2.039 0.022 4.01 no
HD199288  5765  19 4.50 0.02 1.00 0.03 -0.63 0.01 252 34 0.761 4.33  0.965 0.015 4.85 no
HD199933  4730  69 4.32 0.16 0.64 0.26 -0.15 0.03 249 32 0.684 4.63  0.197 0.042 6.94 no
HD199960  5973  26 4.39 0.05 1.13 0.03  0.28 0.02 252 35 1.178 4.29  1.864 0.023 4.10 no
HD200505  5052  45 4.47 0.07 0.73 0.11 -0.45 0.03 255 32 0.677 4.60  0.275 0.026 6.41 no
HD202206  5757  25 4.47 0.03 1.01 0.03  0.29 0.02 249 35 1.044 4.42  1.055 0.046 4.75 yes
HD202605  5658  25 4.49 0.03 1.02 0.03  0.18 0.02 254 35 0.976 4.43  0.919 0.049 4.92 no
HD203384  5586  35 4.40 0.05 0.90 0.05  0.26 0.02 257 35 0.970 4.44  0.835 0.036 5.04 no
HD203413  4812  80 4.39 0.18 0.74 0.29  0.01 0.06 253 34 0.470 4.41  0.244 0.028 6.66 no
HD203432  5645  25 4.39 0.04 0.98 0.03  0.29 0.02 253 35 0.994 4.34  1.098 0.034 4.73 no
HD203850  4879  41 4.51 0.10 0.36 0.23 -0.68 0.03 251 31 0.605 4.62  0.201 0.024 6.82 no
HD204313  5776  22 4.38 0.02 1.00 0.02  0.18 0.02 255 35 1.021 4.37  1.191 0.044 4.62 yes
HD204385  6033  16 4.44 0.02 1.15 0.02  0.07 0.01 253 34 1.125 4.33  1.719 0.026 4.18 no
HD204941  5056  52 4.48 0.09 0.71 0.12 -0.19 0.03 257 33 0.742 4.59  0.305 0.029 6.30 no
HD205536  5442  23 4.38 0.04 0.77 0.04 -0.05 0.02 254 34 0.832 4.44  0.651 0.013 5.34 no
HD206163  5519  22 4.43 0.03 0.94 0.03  0.01 0.02 251 35 1.015 4.62  0.557 0.037 5.49 no
HD206172  5608  14 4.49 0.03 0.77 0.02 -0.24 0.01 252 33 0.967 4.64  0.544 0.042 5.50 no
HD207129  5937  13 4.49 0.02 1.06 0.01  0.00 0.01 251 35 1.054 4.44  1.180 0.011 4.60 no
HD207583  5534  27 4.46 0.03 0.99 0.04  0.01 0.02 256 35 0.930 4.53  0.634 0.034 5.35 no
HD207700  5666  18 4.29 0.03 0.98 0.02  0.04 0.01 256 34 0.950 4.22  1.443 0.026 4.43 no
HD207970  5556  25 4.38 0.03 0.80 0.03  0.07 0.02 254 35 0.897 4.39  0.854 0.029 5.02 no
HD208272  5199  40 4.42 0.07 0.99 0.07 -0.08 0.03 256 33 0.760 4.50  0.433 0.030 5.86 no
HD208487  6146  19 4.48 0.03 1.24 0.02  0.08 0.01 252 35 1.181 4.42  1.583 0.039 4.25 yes
HD208573  4910  79 4.41 0.16 0.86 0.23  0.00 0.05 258 34 0.800 4.67  0.247 0.117 6.58 no
HD208704  5826  11 4.38 0.01 1.04 0.01 -0.09 0.01 253 35 0.961 4.31  1.343 0.027 4.48 no
HD209100  4754  89 4.45 0.19 0.68 0.34 -0.20 0.04 256 31 0.614 4.58  0.203 0.002 6.89 no
HD209458  6118  25 4.50 0.04 1.21 0.03  0.03 0.02 256 34 1.147 4.41  1.540 0.041 4.29 yes
HD209742  5137  49 4.49 0.08 0.79 0.10 -0.16 0.03 252 34 0.733 4.53  0.375 0.032 6.04 no
HD210277  5505  27 4.30 0.04 0.86 0.04  0.18 0.02 254 35 0.905 4.33  0.967 0.015 4.90 yes
HD210752  5923  23 4.47 0.03 1.04 0.04 -0.57 0.01 236 34 0.837 4.32  1.224 0.028 4.56 no
HD210918  5755  12 4.35 0.02 0.99 0.01 -0.09 0.01 254 35 0.933 4.28  1.323 0.014 4.51 no
HD210975  4749  41 4.37 0.16 0.05 1.45 -0.43 0.02 252 29 0.693 4.74  0.159 0.038 7.16 no
HD211038  4989  27 3.68 0.05 0.79 0.04 -0.25 0.02 254 33 0.663 3.46  3.554 0.027 3.64 no
HD211369  4984  63 4.44 0.12 0.67 0.19  0.04 0.03 257 35 0.805 4.63  0.287 0.025 6.38 no
HD211415  5850  14 4.39 0.04 0.99 0.02 -0.21 0.01 253 35 0.932 4.39  1.098 0.008 4.69 no
HD212301  6271  26 4.55 0.03 1.29 0.03  0.18 0.02 248 35 1.276 4.45  1.718 0.033 4.15 yes
HD212563  5018  53 4.52 0.10 0.89 0.13 -0.02 0.04 256 34 0.823 4.65  0.287 0.051 6.38 no
HD212580  5155  40 4.44 0.07 0.85 0.09 -0.11 0.02 255 34 0.822 4.61  0.349 0.035 6.11 no
HD212708  5681  27 4.35 0.04 0.99 0.03  0.27 0.02 256 35 1.003 4.36  1.112 0.030 4.71 no
HD213042  4831 129 4.38 0.28 0.82 0.38  0.08 0.09 256 34 0.788 4.66  0.230 0.014 6.71 no
HD213240  5982  17 4.27 0.03 1.25 0.02  0.14 0.01 250 35 1.211 4.18  2.542 0.029 3.76 yes
HD213575  5671  13 4.18 0.02 1.02 0.01 -0.15 0.01 255 35 0.903 4.10  1.829 0.026 4.17 no
HD213628  5555  20 4.44 0.03 0.82 0.03  0.01 0.01 254 35 0.922 4.51  0.677 0.028 5.27 no
HD213941  5532  18 4.41 0.03 0.72 0.03 -0.46 0.01 255 33 0.730 4.30  0.848 0.024 5.04 no
HD214385  5654  15 4.43 0.02 0.81 0.02 -0.34 0.01 254 33 0.806 4.34  0.938 0.036 4.90 no
HD214759  5461  36 4.37 0.08 0.85 0.06  0.18 0.03 251 35 0.905 4.46  0.689 0.021 5.28 no
HD215152  4935  76 4.40 0.14 0.68 0.21 -0.10 0.04 253 33 0.700 4.57  0.277 0.024 6.45 no
HD215456  5789  15 4.10 0.03 1.19 0.02 -0.09 0.01 259 35 1.005 4.00  2.775 0.027 3.69 no
HD216435  6008  36 4.20 0.05 1.34 0.03  0.24 0.03 252 35 1.332 4.09  3.468 0.021 3.42 yes
HD216770  5424  51 4.38 0.07 0.91 0.09  0.24 0.04 260 35 0.891 4.41  0.735 0.035 5.22 yes
HD216777  5623  13 4.51 0.02 0.81 0.02 -0.38 0.01 252 33 0.808 4.49  0.651 0.039 5.30 no
HD218249  5009  53 4.52 0.08 0.46 0.18 -0.40 0.03 251 33 0.731 4.67  0.241 0.043 6.55 no
HD218511  4556  98 4.31 0.28 0.41 1.05 -0.10 0.11 255 29 0.708 4.72  0.143 0.012 7.40 no
HD218572  4785  50 4.54 0.13 0.50 0.26 -0.56 0.03 255 28 0.680 4.73  0.163 0.019 7.11 no
HD219077  5362  18 4.00 0.03 0.92 0.02 -0.13 0.01 258 34 0.812 3.78  2.772 0.015 3.79 no
HD219249  5482  13 4.50 0.03 0.74 0.02 -0.40 0.01 251 33 0.762 4.50  0.539 0.026 5.54 no
HD220256  5144  48 4.41 0.07 0.47 0.13 -0.10 0.03 256 33 0.703 4.38  0.506 0.045 5.71 no
HD220339  5029  52 4.55 0.10 0.76 0.13 -0.35 0.03 256 33 0.666 4.56  0.292 0.021 6.35 no
HD220367  6128  25 4.37 0.04 1.34 0.03 -0.21 0.02 255 34 1.082 4.18  2.478 0.023 3.77 no
HD220507  5698  17 4.29 0.03 1.01 0.02  0.01 0.01 259 35 0.956 4.23  1.473 0.035 4.40 no
HD221146  5876  24 4.27 0.04 1.09 0.03  0.08 0.02 252 34 1.165 4.18  2.270 0.034 3.90 no
HD221287  6374  29 4.62 0.03 1.29 0.03  0.04 0.02 250 35 1.296 4.51  1.622 0.038 4.20 yes
HD221356  6112  37 4.53 0.04 1.12 0.05 -0.20 0.03 248 33 1.052 4.42  1.381 0.020 4.41 no
HD221420  5847  22 4.03 0.03 1.28 0.02  0.33 0.02 257 35 1.393 4.00  3.916 0.014 3.31 no
HD222237  4780  64 4.37 0.14 0.05 0.61 -0.38 0.04 222 25 0.479 4.46  0.216 0.006 6.81 no
HD222335  5271  34 4.49 0.05 0.83 0.06 -0.20 0.02 257 33 0.766 4.52  0.439 0.014 5.82 no
HD222422  5475  18 4.46 0.03 0.73 0.03 -0.12 0.01 253 34 0.866 4.53  0.562 0.023 5.50 no
HD222582  5779  16 4.37 0.03 1.00 0.02 -0.01 0.01 257 35 0.968 4.33  1.245 0.040 4.57 yes
HD222595  5648  16 4.46 0.03 0.88 0.02  0.01 0.01 252 35 1.046 4.61  0.652 0.030 5.29 no
HD222669  5894  17 4.46 0.02 1.01 0.02  0.05 0.01 252 34 1.057 4.46  1.097 0.022 4.69 no
HD223121  5077  81 4.34 0.16 0.74 0.17  0.05 0.04 254 36 0.883 4.68  0.303 0.052 6.29 no
HD223171  5841  18 4.20 0.02 1.12 0.02  0.12 0.01 258 34 1.191 4.14  2.475 0.027 3.81 no
HD223282  5328  19 4.49 0.03 0.60 0.05 -0.41 0.01 253 34 0.698 4.47  0.472 0.049 5.73 no
HD224393  5774  17 4.54 0.04 0.84 0.03 -0.38 0.01 250 33 0.895 4.55  0.686 0.028 5.22 no
HD224619  5436  16 4.39 0.03 0.79 0.03 -0.20 0.01 254 33 0.790 4.44  0.613 0.023 5.41 no
HD224789  5185  38 4.44 0.07 1.05 0.07 -0.03 0.02 253 34 0.783 4.53  0.412 0.020 5.92 no
HD330075  5025  73 4.32 0.15 0.63 0.18  0.03 0.05 253 35 0.685 4.37  0.463 0.065 5.86 yes
HIP21539  4578  83 4.33 0.21 0.25 0.89 -0.33 0.09 235 29 0.672 4.74  0.134 0.040 7.45 no
HIP22059  4741  76 4.40 0.18 0.79 0.23 -0.32 0.03 255 33 0.711 4.73  0.165 0.070 7.12 no
HIP26542  4750  62 4.48 0.15 0.65 0.23 -0.54 0.03 251 29 0.679 4.76  0.148 0.027 7.24 no
HIP98764  4912  66 4.44 0.14 0.38 0.28 -0.28 0.04 255 32 0.762 4.72  0.207 0.042 6.77 no
